108
5939
6046
181
7315
4058
2960
4682
4748
5977
7387
3212
3262
1605
7268
4242
1310
1110
1251
118
2439
4156
4388
2664
4101
5465
3496
5680
595
3246
2247
328
5637
1846
1761
6999
2008
1203
5625
3337
4580
749
1463
3577
7382
1642
6781
3584
1686
1690
5571
6933
885
1430
1584
2125
6695
5045
2134
5344
1233
1811
4500
80
2822
5553
2691
3446
7331
2461
1504
4014
5747
2005
5024
2637
2183
2856
6080
2408
2812
1954
5947
373
931
6451
483
6232
4599
4354
2581
3741
7131
644
4196
4798
4746
6408
6883
5267
5959
1130
6591
5483
900
1830
177
7391
2872
3134
4488
936
1295
738
3911
4300
2734
3791
6843
5144
5469
5541
7393
5080
800
7092
1356
267
128
1248
4038
6904
7039
2233
6894
926
1185
5794
3855
5535
3105
1669
3283
3175
5523
3371
7251
4778
1563
4919
1176
3279
1581
5164
1737
5964
1975
4099
3021
1735
4028
1974
1309
6796
6533
5880
6339
6827
5952
2937
5997
6995
6661
3858
676
971
6566
2903
6806
5566
1732
1872
2892
5775
1734
1338
5549
5316
1716
4894
3098
4872
2454
2994
2001
6964
3620
4937
704
4689
1361
5855
543
5914
400
510
1565
5308
7162
475
3323
4980
2725
4729
2604
218
5461
4084
7395
6404
416
5888
3344
1068
274
7223
2803
4063
7042
521
3933
7246
1777
669
2062
987
4447
3142
998
4765
1341
3658
3588
390
5067
1524
3976
2600
3219
4555
5196
2661
6273
1223
7197
234
6288
3146
1913
6436
6253
7196
6707
5264
6068
6836
3088
1892
866
293
6236
478
6022
5083
5793
2143
7324
7183
1125
5312
2070
7267
6873
7172
4974
6010
7113
6804
1159
2379
6594
1618
720
7030
5759
330
4000
6427
2778
6711
1869
2486
1372
1815
4133
7434
1236
4654
338
4348
251
4492
2605
1886
4551
909
5515
5373
887
3291
1475
6895
5828
4082
5482
6663
1389
6231
3511
7489
6821
1906
4517
3388
919
608
5155
3437
297
3023
2776
1472
6088
6674
1032
3759
2804
4314
6752
4896
7444
6466
1729
5322
6741
5088
4543
5435
1313
1995
1611
6906
2472
5941
1142
6352
6867
6200
2757
94
305
3181
5258
2749
3089
4361
3383
4811
6320
4411
6108
3893
5126
3799
4998
1163
2386
6812
2383
382
4719
7479
5310
3611
3931
4620
6595
336
5700
201
2710
5754
4627
5863
5028
6789
5815
5878
6129
2068
2272
2219
5428
6544
295
7346
2981
701
4537
1730
5378
4337
3054
934
7330
5803
5540
937
5876
1738
2255
6299
6272
4166
3966
3085
5103
2963
787
6784
2703
1257
2063
6756
2854
4309
2240
3542
7045
7437
5635
3945
4279
5829
1074
6005
2514
5124
492
6268
7154
3343
6536
5655
2166
1874
5369
5140
6599
6119
2260
6517
964
5901
453
5967
1699
5728
4973
1050
1894
1497
1939
1204
2544
2442
554
2668
1111
4633
1376
4918
6163
1593
4097
4591
7462
1438
3430
5750
4344
143
530
5924
5309
1246
4758
3209
3817
3364
2416
3208
5774
5662
2508
3993
5830
5114
7425
1301
5467
5609
6757
4474
1337
6597
5128
6337
4660
5784
4342
1940
2987
7390
1425
7222
6820
1926
2519
7466
2414
92
7164
4255
5407
879
4818
5678
5066
4208
2195
5978
6143
1836
4471
2185
1851
5173
3811
5393
2698
5117
470
1604
3835
6379
1453
7165
4738
1179
5710
2352
2712
3240
5148
5768
5474
2928
6483
3303
3346
6323
4815
7116
7228
5865
6283
4119
562
2377
3961
3353
433
4407
7348
6204
5869
4076
337
4100
856
7286
1743
3589
5800
2274
5365
3196
807
6430
6244
309
4790
5073
6297
2464
5879
3606
6499
2086
3768
1824
3663
722
5014
6516
6969
1629
6959
3016
4590
2173
461
1896
6842
5022
244
968
2348
4841
4909
4012
2649
3464
7150
5615
7356
5976
2586
6604
6402
428
127
6672
5845
5860
5259
6351
3290
1281
2976
5791
6833
6611
2530
3384
2009
3151
3316
3903
4791
2450
1210
5974
4158
207
6444
5725
14
2413
2037
1914
962
2857
451
5617
5509
3473
7273
4558
567
5804
2844
2797
1362
5279
1426
1970
4380
6766
6508
579
2662
2083
480
1146
6587
5389
1760
6011
6774
4698
1001
6520
2004
4251
1572
2220
1477
2493
6813
7047
550
7366
2920
1930
5570
6646
6073
1274
6431
1573
6654
4198
2391
368
4404
1392
6392
4913
1211
88
5042
683
2663
5766
4249
3172
2677
1102
2975
2277
6548
4001
4165
5133
4893
6284
617
1991
4079
5907
2650
1549
7109
4123
1135
3869
1299
4891
820
2506
2817
1023
6136
6502
6998
3580
5654
5833
7364
2690
574
2521
3164
1261
466
6724
6346
1915
1041
4588
6811
5908
6929
6664
302
2555
5400
5194
3211
1831
1652
5160
2995
1325
5345
1527
3005
5772
2243
3892
6013
4332
3141
5007
5394
458
2390
1465
4274
5744
4236
5175
7018
6173
5650
46
2222
4269
3932
5110
4553
2257
3338
2623
6549
1673
5639
1394
6118
3062
1992
6522
5246
3411
4096
130
358
427
6398
5237
4750
630
629
3091
5334
3370
7461
794
1555
4703
6452
5954
1897
3550
4890
4754
4714
1260
3717
5449
1951
7069
2603
2407
1636
6456
7375
7468
279
2943
7070
4734
173
4564
494
2011
1712
5904
6588
4187
149
2978
5718
1319
1148
239
6258
1340
4185
2886
7119
5989
3939
3191
3287
4032
3574
47
1957
5490
6748
4226
7276
7191
4728
3551
1365
3014
3424
2620
3921
2910
6170
2939
3479
3048
5602
6079
5418
6855
3563
544
2683
7245
6825
539
6360
3562
6413
6126
5726
972
1073
6924
6887
532
1739
3501
1212
6559
3025
1949
4759
3288
3862
1242
5236
1805
2721
3996
6473
6344
7021
5618
1366
6081
2820
4825
762
2331
7325
213
4491
593
3457
4805
1243
4053
2120
1579
2121
4459
4115
29
1984
3046
6980
5215
1837
2665
5782
5844
1494
3661
5021
31
265
1078
1202
5026
774
528
3540
5481
6141
2041
2457
5982
259
4843
4462
1543
5526
7306
6082
1139
6325
2398
7465
6794
4996
6900
340
904
6032
1155
4002
3154
1022
5227
6275
6626
3762
6025
4496
6727
7467
3583
893
3080
2153
3535
1379
6946
4723
4292
4490
3042
1189
978
2202
5984
3994
6882
255
799
1856
1039
3111
638
6286
7302
5713
5957
1887
5929
6336
637
2945
6528
6489
3505
778
6557
6787
3261
5781
1323
5273
5642
6974
2480
1320
6378
6213
235
6735
557
6179
538
2837
4374
64
5840
6830
6780
1704
102
3466
5275
5934
6386
5368
2483
4006
2588
6045
120
7250
352
1120
950
4020
4574
3284
5402
179
4015
285
5720
6920
232
3381
4148
6442
6714
4649
5176
5094
2997
7373
1336
4018
3752
7394
3769
923
6795
5872
6043
1862
4676
6060
515
592
2565
5285
6314
5036
2410
4844
6846
3454
5743
4586
6028
862
6551
4584
425
4044
6561
5442
4681
1488
6421
4041
7486
474
2675
4814
995
1779
7329
6300
1370
1964
7037
5767
1905
3147
1322
4570
2353
4039
508
1427
2163
4363
3947
3656
628
1640
848
838
5723
1184
4534
2180
665
2335
1043
4046
3521
4816
7453
446
4457
4801
5624
3233
2332
3170
5592
6294
6114
6498
766
728
7026
5985
4938
6317
7229
2273
3963
6161
6973
3221
76
6932
4520
4427
2832
3576
6642
6868
1818
4277
4045
5953
7239
5951
3140
6730
1343
922
254
1070
739
6683
4751
4284
357
327
2295
4691
6939
1066
6066
388
1514
7133
6459
1330
4939
5459
4607
6405
3566
1205
1523
2862
5325
5818
6609
7429
5557
4572
1480
1763
4954
6975
271
5108
6052
1123
918
5051
5329
7470
6640
4895
6527
2207
991
6530
6539
7087
929
385
5819
3962
5266
3455
2326
106
6345
415
2356
5496
2610
2230
2417
6470
945
3710
5645
4430
6610
4683
4384
5361
4092
4942
1599
3520
7198
2819
3582
1787
5406
4788
2861
5681
2465
4743
864
3895
6262
5437
2624
6186
6092
7476
2024
1267
4112
724
5430
5722
7156
5679
3413
3630
3646
4695
4639
223
7027
2553
100
7055
2678
6396
7278
5727
2967
6167
1626
2577
5398
6103
2643
6148
6705
1751
3222
1561
5023
833
4464
3587
7050
4667
1981
3951
5562
5707
3820
2794
3645
1145
1644
1963
5138
1685
5444
3231
4241
5682
1804
1470
1116
4350
5242
503
4802
3488
3659
5414
2548
818
4233
1327
182
6471
3681
2584
5052
4966
7481
4952
6567
5115
4696
7056
6535
1105
7248
3571
2715
2697
3045
6731
2056
5738
6576
7361
1867
7326
865
4495
5943
3203
4308
7023
5320
6545
2979
7221
6373
5150
184
784
2462
6332
1891
1355
4962
4559
6805
441
2428
5998
659
7370
4947
3841
6537
6877
3361
4302
6512
6070
40
3031
6950
4979
97
3671
2974
3847
990
2269
4239
4134
7061
6435
1429
4936
6850
4986
2829
4786
4403
6395
1536
2534
1458
7118
2400
3884
5838
5558
5508
5991
804
5349
1168
1676
217
3427
5388
5001
6710
322
471
5593
2144
5190
5038
2841
1530
260
1671
3179
1126
4473
4521
4850
7157
4203
5648
7353
5296
4291
6977
4631
7269
2948
2209
5290
1117
2881
4004
166
6089
1012
3816
7073
6295
3860
1768
3207
4807
6406
1106
3578
3502
6077
2970
3808
7182
4565
3667
6419
3007
3995
2503
6943
2735
1722
6997
1624
616
248
6542
192
7480
736
737
1774
1816
7007
6878
7322
1217
5527
2983
6277
3340
6693
927
2425
2069
3236
5489
4128
5326
3746
3104
316
6061
4171
2747
823
670
1346
3410
5202
6130
3417
5466
1101
1254
1953
7090
6434
4152
5250
7469
6590
5147
2730
2921
2883
54
3940
691
5516
7083
1619
6607
1703
5255
2874
4280
4840
5694
3705
1780
1835
5891
7123
880
2466
693
2673
3049
2843
511
2107
6149
1900
4327
2788
5056
6755
6237
5687
479
740
6324
7174
6890
4458
6349
5441
123
1667
575
2969
598
2446
3653
421
496
2753
1025
7432
6639
104
1994
1878
1865
370
4439
1354
4950
1707
1084
5192
1678
5013
4426
5179
5689
2276
2336
3807
4932
292
2999
4278
3986
3829
6688
3460
3090
1344
188
4971
2099
1765
6984
7189
4056
2396
1291
1525
5733
6495
2333
3916
78
2373
6094
3897
2248
3273
896
4944
6897
6145
4375
1220
110
1510
6481
5412
5823
2426
765
3077
1978
2645
7408
2891
99
7457
4632
6410
6448
1583
1439
4874
5484
626
7317
3345
5847
1542
6592
55
847
6810
661
3824
5180
6112
6063
5324
2825
5589
4806
6851
3690
1447
19
3600
3813
831
2510
6296
6233
7253
1060
4454
117
3859
51
1029
2547
6397
2699
2998
2285
5749
1391
5477
7264
3491
3187
4846
7076
2420
1280
5661
3537
7454
7011
2497
4126
333
6872
6749
1381
2351
5656
4731
61
2551
4845
4995
306
1551
6952
3546
2944
6658
775
883
4222
4281
2935
3028
2141
2100
449
3125
208
4413
7167
679
6374
405
1885
712
5468
16
1918
5706
1495
1880
2293
2557
4514
2018
3414
5777
6624
2109
1812
5695
788
4524
513
501
2150
6790
689
258
7127
3888
3980
5776
7218
6152
3416
5854
757
2231
1215
1801
2275
1841
1952
4451
2027
487
7053
3517
5432
6007
2476
4629
3163
2494
3792
3556
5185
6381
4448
4343
6670
1976
1055
6187
5963
2885
4917
4303
5350
6740
905
366
3292
1287
4120
1982
1696
7175
4833
7241
4008
7279
1910
6656
4915
2370
3530
2688
1908
1347
1719
2723
2906
3391
4127
3055
5737
3642
1442
4192
2915
7290
1279
5143
4155
3992
7199
6216
6605
398
3487
6074
4267
3094
3394
3450
1244
1829
509
7458
3057
1408
4052
6454
4577
5131
7336
2583
3974
2415
243
2571
3156
1421
682
5813
1694
3781
6385
6235
6911
573
3568
6928
4367
1190
3480
5371
1499
124
5873
5224
3166
5171
3456
5927
1401
6084
1422
4582
4409
4271
3722
5965
1373
4556
3082
584
6106
5581
3298
2169
2674
5251
375
5628
5970
3603
570
3299
1216
242
3317
798
6680
5338
1331
7063
6930
5136
1404
1334
7
365
5709
4069
5525
81
5078
4394
773
605
996
3767
4922
1157
1770
1457
5521
7207
852
5306
2265
2145
2666
4839
834
1684
519
6797
506
3282
1393
6503
1884
3220
2685
5457
5492
4779
355
2361
3758
5992
6582
2780
2168
983
2299
7140
4393
4036
3518
6260
4200
5871
2360
3720
4135
65
2992
275
7360
942
18
2617
5910
1700
1740
2536
5323
517
1554
4360
1823
1289
5455
7217
4552
6178
1487
2532
5031
1960
221
442
314
1265
534
3197
4173
3965
2232
1016
3278
653
3389
4725
2003
2646
3135
5826
6122
4456
1845
7186
2048
3504
3756
7237
6547
6879
1193
3513
6282
5318
3348
613
7400
5183
6524
988
4229
1272
4608
649
3942
2226
4977
145
2034
949
2587
1046
2821
6687
1069
2082
591
5206
5751
2436
5030
1380
6475
3684
1019
167
4934
1443
1329
3257
3749
1065
658
2363
3440
3171
91
3796
1808
3325
4522
2845
5229
4502
1681
4037
745
1659
1531
28
3695
524
4003
6526
4366
6203
3490
7272
7106
967
5504
7257
3184
1360
5339
2440
2929
7426
1595
353
1569
5059
1333
5724
680
2704
981
6375
2194
5479
6531
5352
2513
1689
3904
431
4298
6699
3465
6529
4504
5415
5333
3719
4161
5221
3167
1089
6153
1114
5033
5719
6751
1092
4659
152
1736
5896
4428
4060
3277
426
2469
4379
6986
6758
6982
1610
4892
1997
999
2713
6958
1688
2287
364
5621
525
5253
1537
4254
645
2916
6763
5382
3314
5729
6657
6018
3885
1987
3475
5765
6702
5636
7451
6747
2357
423
3785
4538
1630
1417
2758
2281
5514
7271
3526
170
5503
3534
3330
1173
367
944
3101
1095
2849
5638
7403
2918
4596
5691
870
1312
526
4820
1160
5518
82
2343
4792
5193
2484
718
2321
7464
6335
361
4147
4029
3920
1449
3061
1170
2214
3597
6156
2228
7285
6981
2427
531
424
2076
2088
6458
795
1879
4207
3129
4022
4650
1692
2117
533
3444
2139
6778
5134
751
5979
6369
1491
3555
4804
2482
5446
3069
3398
4924
3205
6934
5671
7201
1609
7298
3969
4266
3137
6310
6370
5893
5405
696
1461
4677
4304
4244
903
821
6239
3418
4219
6072
3030
6182
6142
2358
5295
12
2962
6165
2401
3938
6100
3472
3051
6449
806
3674
3778
5736
3259
5783
2693
5696
5499
6064
1411
4709
5697
1353
6679
4847
2133
5129
5892
6678
3434
3682
1088
7114
473
842
785
187
6915
1749
1759
3615
3715
6259
3978
6896
623
198
3838
5716
6278
1898
4182
4138
344
4662
2554
3970
1231
6359
3823
6041
4090
334
4416
5092
970
6793
205
6181
2447
2907
6694
4619
4262
1559
6362
5559
4882
916
4968
5705
1436
726
7287
6917
2290
3399
4900
6220
4149
481
1285
2647
2835
4446
1580
2726
600
3739
4346
1717
1150
1771
7392
2167
2672
1533
6051
3131
3256
1471
961
1855
5271
3321
5284
2394
245
1920
3595
1775
2789
3086
5874
3733
6918
2138
307
3249
4545
6923
2893
4831
4862
4323
5968
817
4272
843
1479
1907
4055
4842
4762
2445
1108
7424
194
5413
2490
3679
3672
1986
5411
3783
5027
1544
1718
651
3312
6854
2941
3889
4434
4611
2743
7340
1922
2705
50
1238
3412
3387
4406
1666
4105
7098
6269
4423
1562
1769
708
1877
4087
3564
495
2460
2235
7103
5898
4508
3803
1693
1679
507
546
3539
5922
90
189
1403
881
2760
5048
2337
1786
6348
1174
3499
3500
5795
5555
2385
6190
1947
3753
5396
151
3805
4741
4784
5387
5321
5614
2010
5210
965
2505
1228
1701
7323
2863
4093
3482
1881
1496
1255
3716
7097
6416
2218
6166
731
5330
2711
6839
7260
3307
3035
4981
6439
2283
6076
6329
2270
1382
3644
1955
1349
3525
6255
2264
3382
2568
6083
4164
1860
1821
6008
6264
654
5055
4305
7086
6211
6090
3676
174
456
6067
3622
3604
6467
5531
6768
5265
4270
6457
4769
3124
6036
4849
5039
2882
3955
482
5568
261
4017
5123
2279
11
450
776
4615
3712
3494
1935
5463
6493
2972
3528
3264
3011
1275
3842
41
6257
7415
4479
3159
1745
6575
60
7139
4
3237
2431
6823
283
5102
1795
4832
4329
7410
3397
822
6024
4686
7065
5305
3053
2093
36
5529
7484
3421
5530
3788
6054
3608
1014
7004
196
5785
3019
1518
6411
1956
2598
6692
6053
6762
6770
5462
5199
912
3185
6270
6767
7096
2448
4568
6117
5336
3448
1147
4204
2833
4145
6205
7208
3008
5041
1249
5545
4972
6133
5606
3610
1119
3772
2810
1149
3272
3946
342
394
169
5936
3359
5831
1546
2504
5060
1064
7081
1452
1085
678
5532
5017
0
2766
1493
27
5995
6822
3453
1702
3118
3419
2481
491
2764
6936
1444
6886
1020
3814
1090
4799
6113
877
1695
320
3745
409
304
3056
5856
2796
162
4812
5380
4707
1395
7358
4653
3324
551
3757
2638
3701
6951
777
547
6991
1412
3463
3898
2175
813
3598
2369
943
2015
4422
7398
907
6183
2633
3766
3024
3126
3096
2953
84
5734
1772
6630
5975
3060
2159
3122
6206
1171
2453
3492
6507
5698
5247
4959
2887
4733
3374
2700
5426
2338
1901
298
2404
763
7258
1979
1778
2151
417
2860
1834
3648
1538
3699
5851
2346
4073
2567
4636
4566
1852
5605
1950
6704
7048
5064
89
3305
541
2884
7411
1713
1128
5740
4855
3867
2026
6919
3022
4385
6308
308
3372
3543
2956
5383
448
4864
4873
2053
4657
6487
5386
3937
3830
5619
812
5410
59
5317
318
5536
3683
2966
1529
3850
1054
7309
3861
3306
3459
3874
2917
1857
1592
6445
3797
7380
1235
1594
5431
5866
5588
1484
1620
6523
1292
6957
6893
2919
2509
3596
3777
5584
4953
404
4988
5987
44
3138
6318
4333
1691
2535
6101
6701
2251
6553
7062
548
1441
4704
5358
1648
6815
589
3229
5294
6214
7102
3944
6446
1286
1061
4579
2362
3964
6057
5436
4990
4154
4253
5261
6366
635
1000
3599
2871
1044
5283
2152
6847
2471
6158
5272
7235
2101
6432
2611
1641
1613
1724
6303
2458
2651
4519
3177
2769
3495
359
39
2996
4699
5816
6618
5121
4623
4852
7161
6652
5848
72
4057
4389
472
5945
2108
1755
6615
444
7146
6800
1849
2911
4417
6316
438
1785
2791
2135
1633
760
6497
3763
3311
3956
5374
4211
7447
2558
6916
2949
3910
1748
5245
7232
5667
2616
1746
6328
650
3206
5486
6759
1532
49
5213
901
1502
6485
5649
3585
1031
578
4651
2748
4609
7085
4075
2223
1350
2866
6990
2036
3949
6125
3806
3928
4444
5256
6947
855
6814
6772
3751
3643
2573
6361
1866
3113
8
5846
6266
6029
2811
6909
5053
611
163
620
5809
77
422
290
7078
7082
2782
6578
783
2542
1586
4969
6400
1790
4223
5040
2594
4606
6480
1721
4174
2541
7166
2516
3573
3691
3662
6301
3182
4554
2318
2052
7124
6637
3668
5293
5802
5191
3967
1649
2368
2859
7100
4512
1047
1983
2499
2491
3308
2359
7017
7088
6562
6650
3529
793
7282
4822
3223
3285
5395
7440
6000
1966
5882
4726
4905
6685
6765
4830
7158
6486
4595
6291
2770
953
457
4215
5070
286
6510
4883
6230
3694
4257
4476
2537
2682
2984
6799
6030
4330
3378
6676
2742
3614
379
7178
6636
6666
5104
2813
6415
1520
1710
2157
3158
4523
156
1847
7355
1541
1921
6579
2349
1374
2403
4091
2724
4867
2644
389
1407
1473
4035
1967
1575
2525
5005
3786
4369
5877
6424
1534
2028
7080
3050
6350
752
835
180
7205
1304
7450
1109
2025
4493
6841
3633
4136
7121
6423
5839
7402
4503
5686
4116
4583
4571
6223
7067
5897
5367
3827
3087
5235
5453
4296
2533
1553
6718
131
3784
4143
5047
1589
3698
6474
3770
3461
3365
3254
4858
5362
5542
2589
3666
3727
383
2303
3063
5703
2479
3210
4903
1409
5741
2077
7296
2319
4757
1266
5859
1273
2938
7110
6960
966
3294
7095
467
633
1973
1456
2170
2136
2412
992
3293
5122
4243
6127
3068
3313
6860
6881
4589
6340
1863
138
2197
3204
2875
5850
860
7337
4250
6229
303
815
2095
582
3425
4860
7058
129
141
2489
2104
5886
2090
3235
4095
2452
4072
4889
5792
2626
3654
6091
4419
3415
280
5825
3510
4132
5233
3651
7099
345
3826
4103
4664
3616
755
2947
1284
4445
3991
6198
6388
7194
5302
2210
391
5834
7002
2800
1929
4118
4908
312
4542
447
6709
282
2042
2512
1305
3447
6935
5238
5493
4159
914
6364
3560
4352
4756
3296
1660
3815
6574
1413
1007
7319
6099
1616
1850
2106
723
454
6021
4449
4749
5062
590
4438
4622
2932
2304
5915
7418
672
5170
946
324
4477
2097
7485
6342
6217
1460
6293
331
48
688
1826
3948
3985
1378
6184
4569
6550
5331
6254
6892
3878
4518
1345
476
2112
2266
238
3078
1225
4468
5012
3729
4983
1165
6826
6861
2795
6271
42
938
4077
7136
6162
4685
3912
5931
5933
3637
5204
4727
3890
7169
6783
5303
7308
3368
5034
6942
5137
7177
6234
3848
3516
3441
6614
6667
2364
5909
4106
7173
4740
2029
3755
5146
6660
5313
5127
4230
2926
6164
392
4481
5647
4088
1030
125
849
5278
3362
5473
754
3559
233
4641
803
4899
2071
687
7249
2191
6602
2179
886
6729
713
4050
6490
2297
9
5853
6102
5973
4775
3121
3342
2123
3363
6880
4108
1614
4747
1868
4071
4548
5381
4744
7357
3909
5544
1752
1469
1468
1415
2942
888
4772
3839
3981
4635
2580
2137
7038
6829
5375
1789
6586
5084
1169
5292
7345
399
210
1825
5641
3812
4646
2278
3647
5139
5572
1121
7368
4585
7385
6546
1153
3369
1728
5291
1959
3010
6802
6159
7040
6914
3193
5219
5946
6120
5702
5370
5899
3840
4078
5988
3033
6738
4321
5252
5009
4766
6988
497
1357
4320
3198
6476
2701
601
4179
6104
4795
6613
4231
6606
1209
350
6743
3594
1682
3451
4576
5693
959
5480
2592
3489
485
897
315
5276
1875
2054
7008
4827
6941
4021
1705
505
3968
6465
161
6144
5603
6313
5297
3004
989
4984
4881
4293
5020
7075
6343
6972
6644
7397
6720
3509
612
4023
5478
176
610
6627
6135
1192
3721
3379
3117
684
4227
468
5218
7243
3957
7254
2599
1566
1843
197
1177
4600
2234
3280
2438
1004
2802
5868
6863
1725
3765
2561
266
6726
4276
5940
1512
1657
5600
6137
5665
4781
5919
3065
4377
403
4062
5118
369
7188
2237
5613
6048
5399
3621
1806
5537
6621
6708
5304
6971
1782
5132
577
6279
6228
4717
1180
3983
5758
4392
2676
6925
3789
5948
7338
2840
6736
2127
5582
4515
4370
5849
3652
1632
2007
876
5598
1665
5097
6684
1300
6110
6583
34
4349
3442
402
4763
6560
747
6721
558
7274
4197
6665
3133
3925
3538
1332
2236
634
6241
741
4125
5257
3241
5119
4951
1783
139
3740
1282
6514
7001
3075
2722
640
6534
2993
6725
37
4326
3483
2148
3114
3953
977
7142
4455
3474
4408
1687
4927
1086
4206
706
560
2689
4189
504
6913
786
3143
5677
1431
6243
699
1037
5154
6996
5434
1672
1965
272
3738
1798
439
5550
7046
7304
4863
2475
6033
211
576
963
15
2754
2451
4212
2836
7478
5730
5015
6035
568
356
2719
2350
4335
6816
1654
3476
1316
5314
1773
4701
6619
5685
4340
1259
1853
920
465
6691
6154
115
4064
1314
3432
7145
296
5069
5018
4536
2786
2696
6682
414
1009
3168
4645
6304
1653
3157
2329
4065
4210
5145
7312
3924
4005
6071
2578
1451
3250
6246
1938
4624
5864
85
2324
6095
4711
2771
5151
2774
3392
3794
4813
5590
3927
4283
6478
56
1011
7314
4122
1306
6455
3899
5438
6824
5564
3774
1942
4306
376
5756
1253
4167
5168
460
607
3873
5274
281
2355
2178
588
2160
4299
4313
1358
5551
4094
3328
2692
2671
3335
269
5885
3467
5004
5232
6441
6563
3833
3300
2204
4598
1024
5757
500
7310
2717
4482
4715
4578
2323
1219
6965
5356
4225
5178
249
3856
5717
6540
7101
4027
1250
3593
5327
477
4289
761
4345
3908
2434
1006
5801
7128
3709
2091
6593
6903
7333
4721
2022
2745
1462
6192
4485
4511
5248
7129
1034
1182
1764
3161
6121
5460
1234
4498
4614
4794
1241
7151
7120
5244
7371
3680
7025
6633
882
4418
1045
6745
3225
4912
5660
5735
6123
4412
6955
664
7342
1383
3872
947
655
3837
1607
2213
17
7456
1727
321
7111
6209
5643
1528
6384
5089
874
228
7283
2878
6151
2161
464
2989
7300
5569
2815
3771
841
7266
594
564
5277
4295
6208
3773
3915
4010
3929
6307
3660
4702
6387
3469
4776
2807
5567
6437
2023
6866
6970
7190
1602
3358
2658
4214
4993
1288
378
2957
5587
1944
733
3623
3547
1635
597
4237
2301
4263
2951
2172
2177
5552
1056
5808
1433
2354
3269
2342
2421
3591
2225
516
4467
2950
3267
63
4275
5683
4509
3926
5006
5109
3462
4670
5883
2684
5895
7230
3742
6394
711
6865
3863
6622
4736
1961
3071
5806
2
1506
6891
2055
3289
1112
4528
5843
5773
2772
697
6075
1476
214
2130
4991
288
4228
1197
3795
6554
4505
225
3373
30
2429
840
363
4245
4347
7401
5913
7226
2622
4713
6251
2784
5786
1342
5217
4383
4054
5100
3723
3295
4102
1631
5610
7032
1467
3327
1663
5424
7349
263
4888
7293
2602
2380
5563
5162
68
1904
7431
7224
3406
3320
5268
2221
6700
6771
6482
1990
3750
6358
437
7284
4030
3764
2593
5595
1131
4897
1623
489
5701
6616
4086
3281
7240
671
4617
5035
6327
3352
4985
4626
7354
1010
1828
2961
103
7442
6238
2876
618
2768
808
5243
3052
3896
4634
5950
4594
1200
7016
1639
2908
2211
1017
6926
2103
1097
2366
5960
6331
2628
5659
5392
824
3018
2142
3527
5761
246
5832
4705
4960
5884
4026
836
7413
1552
4181
3228
3704
6764
6420
3902
2340
6779
440
625
1416
3458
4235
4789
5711
291
5445
2560
3202
6572
6111
3619
3486
4047
105
119
3188
828
1072
3428
5576
4051
4690
1079
4753
498
5539
4851
748
6733
7214
1766
3244
7234
5423
2991
5263
2814
4390
7281
7000
2409
429
902
5630
2057
1560
4443
6174
3548
6782
7350
4782
3703
3686
5443
3232
1307
5670
6671
6093
1424
3470
4712
675
3443
5130
4399
537
3544
2895
6978
529
1434
6175
6265
7406
4531
7206
6837
3531
1136
360
3913
4666
6673
4992
4218
7396
7280
3329
3148
4737
1754
4630
1590
2660
1302
6249
1485
5260
1278
2848
2873
6199
1446
5746
7057
7122
6623
4658
2842
1368
3930
1178
4904
4836
2890
1893
7227
695
5533
4687
2629
5926
2631
2539
1936
913
3507
3572
1247
5821
1762
7344
276
6333
512
7270
6109
2787
1556
3989
7439
1481
694
7089
3997
6907
4436
1587
3390
7320
4940
4268
2341
227
2870
1833
58
5906
7104
4826
6425
6921
3449
3422
3640
2043
2252
6453
1268
851
1714
116
3877
3341
6987
2292
5301
2198
7213
6801
709
3349
6226
3743
779
911
4387
3706
6543
4774
7292
1363
5425
4034
796
1871
891
5379
4301
6188
1647
5125
2334
782
4042
6132
2399
2545
2936
1946
1677
6098
4856
2657
5226
4834
643
7137
7367
6058
1096
5797
4965
240
6383
4157
1932
2344
4190
4767
154
3687
4194
3689
6202
6355
3036
4785
4530
2051
5763
4066
6009
1999
3110
1791
4109
5835
5841
3405
4621
2300
96
2381
190
4693
6989
6728
984
5472
700
873
3468
5002
583
5789
657
5198
7236
5870
3669
3160
2924
5543
407
5113
5421
212
6496
5513
2245
6227
1402
5161
5458
6518
4177
6643
924
975
4880
7483
3554
2601
4755
381
3132
3169
2569
2888
1232
5451
4800
6078
6433
371
7295
2192
1201
7029
4452
3809
2059
4183
2155
4675
3780
6596
2736
4828
311
4604
2271
2006
2164
3936
3790
2955
5181
4273
4837
3039
7168
2459
1873
165
3268
5360
3084
6447
1100
186
3734
5944
1399
1113
6807
4432
6608
4246
1708
4823
4376
7066
6097
1296
2238
6218
5732
4809
4931
1339
6808
2931
5565
6834
6556
5857
6655
2816
7419
1152
1035
4557
4497
237
1406
5377
4884
3831
2958
4906
74
3176
6150
6864
6391
2423
2288
3059
1423
3954
1998
6967
908
2045
585
4989
3081
5676
6852
6504
5799
23
4706
2050
1351
5501
2477
5497
3866
7212
2249
3333
4129
660
3400
4286
6219
2864
6047
5347
4248
4221
6399
4318
4338
6786
2149
5505
878
662
5554
1522
4777
1814
572
5299
4547
277
6426
652
147
2982
1008
2203
6641
66
6038
1645
6311
3844
6462
4124
6848
1813
5820
569
980
4341
6298
4059
7455
1664
7051
6389
4997
38
4866
5586
137
6353
5930
523
5054
3894
3834
7036
5346
6732
7015
4142
4694
1934
1042
5858
5585
4355
1596
1574
4817
4601
3301
4678
1048
5307
339
2424
3512
4209
6831
4716
1227
2156
4544
979
940
2044
3988
5669
4085
2021
3420
1988
1138
1036
1271
2869
2520
1144
3638
4494
6140
6832
1315
5454
4111
5920
1164
6589
301
6422
4083
3761
1513
641
6096
5990
5300
3248
985
2767
2538
1651
6746
4472
3975
1018
185
6884
6573
4450
1521
2419
395
6347
5359
6954
3801
4625
4316
2254
418
7192
7054
6937
4381
5287
419
7163
4958
1794
5644
6985
6479
3632
3744
6976
2728
1083
6274
3145
2590
6689
5742
647
1486
4040
2898
1726
4442
107
1776
2524
7255
7369
1621
6401
4368
6463
4429
6776
3265
3073
6750
87
1615
7452
4546
1181
7135
1324
7405
2430
3655
2879
4821
586
3605
5962
7072
1720
6858
4700
3998
1577
811
5280
3675
6927
3581
5577
7187
6115
4372
24
3900
3239
1792
3218
5433
5887
4151
5579
2495
5286
2808
3613
7117
2750
2940
1548
5972
6570
3149
3247
436
5498
3401
5969
4876
7034
1503
4692
4773
2000
6948
1723
4665
1558
3553
384
4414
6193
1535
5731
7263
3439
6681
3787
6367
5917
3618
5993
3034
2418
5620
4742
1731
744
768
4074
7219
719
4290
5211
3438
1564
790
4150
1842
5439
6289
5983
5065
7170
5925
2667
3959
5712
435
3347
2959
231
3515
121
2681
4146
1505
5657
7203
3319
3310
4113
6015
6338
2762
4563
1207
3130
2930
2913
5814
1303
5942
686
2799
4656
3095
6509
6031
7378
3408
5086
6634
5087
95
6224
3747
4499
22
619
7384
518
2365
5152
4285
4680
220
1489
3628
2286
2946
1478
941
172
6584
270
1972
5093
1870
1576
3336
6600
1617
4137
2116
6754
4400
5534
4405
4652
869
6712
5470
5000
5174
1832
3567
3853
5573
6940
925
1557
7180
6263
5120
4256
2075
5422
2302
5475
6472
2574
1052
6519
2852
5450
5491
2572
1568
1071
5076
142
552
7225
3731
859
854
1941
6281
6326
2227
1375
5390
2111
4835
109
1003
1162
3253
4170
1397
6002
7193
7035
1081
3366
2968
2790
3854
7031
5485
4561
5254
4297
5560
7159
159
5817
21
3906
372
1839
5003
3066
4735
899
631
6993
1326
656
3038
2375
5938
4679
2406
3865
1757
4483
5153
6635
1706
4398
2752
2773
273
5538
2694
1993
2405
1655
1937
7399
6853
5384
4513
1213
6849
4068
4803
7210
4967
6407
2049
5764
4722
646
1283
5905
4597
5044
6862
4956
1418
2258
2316
5949
4674
2033
7433
756
7421
2449
2801
6418
6944
1194
7307
3545
401
5875
32
7107
4724
3561
434
1058
935
3155
1127
4710
2985
7233
3857
3409
3083
3664
1028
6012
3506
2468
3702
6440
1500
4475
7043
3099
3973
262
4307
4081
2199
1883
890
3
193
7297
5633
839
3851
3380
4949
2751
2206
2073
6245
997
2096
3887
1015
2322
2250
7105
6069
4603
2182
7261
4364
673
2014
6116
4886
4172
5755
1661
5867
5674
5106
581
6027
6569
6677
2718
3120
1080
6538
6580
2614
5668
2621
3569
4089
1191
1388
2618
3514
2092
994
1317
2184
140
5091
2314
6744
4258
4848
5522
5075
5495
1405
3876
2217
2669
4288
4507
5008
5456
4861
5188
2834
2317
4643
2131
6994
1082
2256
4193
6513
4868
1098
4541
2627
2971
7427
2372
3678
2894
7379
3880
335
4478
5037
5228
3728
1675
2597
5376
5852
2200
7125
5072
6581
3040
343
3845
5357
2485
952
200
386
2140
3735
4480
4911
6875
5519
5599
4926
4402
5999
3918
2374
1256
4162
3713
4613
3639
1222
5208
3477
6393
3224
7445
1627
4420
2291
4009
6212
4945
5
5861
6953
727
2309
299
2126
3396
6322
5932
1876
2732
6460
6195
5596
7006
6157
2777
2964
2154
809
692
2582
2556
976
2102
7049
5745
3350
5471
5234
6134
2298
4470
6675
4169
5591
4644
5547
5142
1348
535
1172
4865
4869
5556
6598
6899
7388
3119
5626
5811
6086
3692
3508
898
7291
2839
3726
3144
4217
7149
3136
759
958
6901
5623
1945
2114
5135
6168
6601
5241
2215
5971
1919
4875
5708
7064
5616
6715
7231
2205
4655
3822
563
6696
3178
3725
4484
3258
5315
1674
5427
770
6252
4854
6638
7341
3972
3935
1968
1545
5714
6019
6817
7010
5476
122
3665
5200
3026
5672
7052
4048
2632
2019
5580
7473
2382
3718
973
6085
6668
168
2456
580
2339
951
1440
2147
690
4593
2444
742
6963
3165
3009
158
1578
7416
3376
3152
2570
1311
4019
1822
3215
1049
4117
4838
6501
2927
4647
4312
2905
1526
2443
5172
5658
7474
6171
5632
3076
6876
7071
62
4435
1844
4466
7365
4720
5956
1134
3810
7352
2080
2912
1550
493
2652
4067
6380
6330
191
6722
6992
6968
6703
545
5019
1038
3881
4176
797
247
1053
2253
2687
1882
4140
5780
93
7044
3832
1634
374
2634
514
6414
7176
750
4732
2002
206
4421
3360
5652
7423
5262
906
2312
2016
410
2980
3478
5342
2393
5071
5166
7220
6632
7153
2543
4901
4885
939
114
10
4946
1240
1796
5881
132
7181
4982
5182
3754
6210
4247
5105
1895
6961
2552
5916
6196
4943
565
241
5230
3579
3760
7185
5760
3901
6087
5688
2013
1511
6653
2066
2040
7362
5011
499
4787
7155
7084
6870
3377
6207
6753
2686
1598
6001
5452
5212
2085
83
6791
2196
3498
1186
1166
4684
5098
6662
5077
1911
4265
3128
148
502
7488
3634
1270
253
396
2320
4768
7094
4648
6287
6376
264
5500
957
1448
252
5397
3875
6819
4336
2714
6185
2952
4110
1093
4575
5095
7209
1107
3798
4310
764
5353
3001
2828
1352
2263
2165
4797
6191
5517
171
2868
6620
6697
1600
2289
6792
3575
3852
3214
7363
3357
6651
3636
5046
1122
3570
7256
75
7335
667
3339
1033
6785
4357
3186
2595
3431
2899
4264
1899
636
3711
4359
4605
4328
6290
6194
4195
4610
7301
4261
1318
3697
1807
5748
4970
3127
5546
853
3189
4424
6648
2012
7475
5622
4353
4739
2896
2500
2576
4431
1781
2376
1002
2065
5240
3297
3037
5090
1277
5209
2176
3199
71
256
3058
1026
4930
5651
7404
4771
2737
3354
5205
1912
7009
7024
4378
1697
555
3714
2507
2805
4324
3941
6734
6363
4961
5986
1167
3522
4465
5289
6341
1115
4612
781
2659
2655
2965
3386
4440
1057
6357
2781
488
1668
3828
3201
3552
1143
2523
6180
1328
4661
2325
3402
5807
1076
3013
7059
3234
1750
2115
624
7409
4539
7448
7262
1063
872
7014
4550
1221
5340
6139
3524
5082
3590
5646
6461
2783
668
2473
4573
1996
2792
7252
3270
1889
6321
4425
3818
3139
4941
6889
2904
2187
5548
1571
4382
6315
3624
1650
5958
7200
7459
5141
7487
7138
868
6871
4532
609
1588
5429
35
4415
3403
4510
732
6840
6242
5561
1508
1398
5790
2635
294
3627
5961
5890
3883
462
844
6686
3020
1175
3047
2411
2564
101
6062
1933
224
1129
7446
1683
5074
150
2061
3027
3153
5416
1445
2463
5220
1187
6488
310
2740
5348
714
4663
5096
2880
3693
6177
542
2702
6922
556
5298
1928
6026
1371
2707
216
5634
5464
7305
3601
928
7328
3315
3097
5771
1608
703
4031
4671
4168
1239
4216
3116
603
7420
7160
6403
867
772
2345
4311
4761
2074
3776
993
2129
4460
6532
715
677
5341
829
463
5337
5980
6628
5827
6059
3429
5692
3070
1698
4396
969
5354
5752
3907
2670
5288
3565
1670
3497
2846
362
5937
5203
1099
5663
1969
845
160
3433
4487
4080
4708
7148
2522
2779
5081
948
1612
1137
960
6017
6248
2986
2384
6468
6494
6617
5355
6505
1507
3977
7132
4718
6739
4371
6492
3592
6966
3819
6256
4527
2591
6131
2639
2733
1294
5249
7477
3271
1989
7179
4013
2744
6169
4808
6280
7202
1183
1656
7020
1156
1943
5528
7327
4978
4920
1509
5177
3103
300
4752
5506
2311
956
614
4397
5068
3375
2064
2612
4994
1977
230
4351
6247
2738
2105
6713
6525
5739
289
3367
7012
4628
6857
3092
2853
2636
7108
3356
4549
2441
4201
1218
1980
910
2284
203
2831
5575
615
5684
3922
2397
2087
5010
79
2925
5032
3836
4562
5524
1151
4859
875
825
6215
3914
3629
4386
7472
430
7383
6371
3730
4878
5385
2078
4061
2478
6565
7028
5510
549
3309
1742
20
974
4529
3251
1603
146
3003
5608
3150
3407
3238
3802
3982
6267
6760
2798
3670
1810
2708
6138
2261
3190
2827
3006
2526
702
5328
7171
6945
6649
1758
5769
1293
1858
3230
1091
4780
6885
6742
204
1709
4668
175
7318
7377
5583
4043
2973
1214
7134
2923
6409
4319
6835
393
4618
1985
3106
3923
6645
3586
6690
6305
2809
2656
420
5889
716
2549
5401
6240
1680
3533
6856
349
7215
2208
1400
3183
4141
915
413
5966
7019
2058
4770
1733
2246
3549
780
5753
3041
791
2094
2606
5894
2830
2119
7428
1364
1931
5167
1888
377
5214
3673
323
3971
954
5520
2654
1597
6037
6306
7074
2433
6222
5239
1208
1803
827
3804
4616
2625
5796
7443
2367
3677
1377
3032
5604
5079
540
2515
5822
710
443
5197
7068
2268
45
6276
6869
3886
602
2079
2371
4401
7347
6555
3987
571
4929
1132
5627
4186
7436
6938
2437
4964
627
2763
3435
1540
2307
2531
2585
6631
2990
599
5403
802
284
1435
2914
2378
7238
3445
3393
4153
3074
4948
1466
1948
1800
1195
6201
3331
229
1420
2501
587
1290
6859
6107
5787
2474
5158
3793
5186
5363
2954
6558
1077
2546
1432
2613
6302
1264
5810
411
7041
5631
1
5366
2679
4016
2039
3950
4107
4294
5912
6450
2838
6798
3870
7195
4234
5269
4642
6552
1237
4887
1196
3000
2242
7435
2824
164
1711
707
6372
3217
317
2315
955
2267
3226
4877
4672
1848
2933
6055
6023
5935
7351
4252
7184
7299
4506
3322
930
1827
3657
1840
2193
6625
6
1059
1516
6962
2282
4910
725
3162
6176
2308
1643
70
3631
2328
326
98
4730
6828
486
1903
5779
1797
319
1454
7143
3519
6039
1384
3173
1715
4259
6155
5319
566
4871
5207
7147
4935
6761
5836
4853
3243
1390
2615
2241
2511
1369
6368
792
2488
5494
1386
1051
3649
7079
4963
2850
4486
6716
4764
4175
6669
6521
6541
871
1490
884
522
2467
2901
3843
7460
2865
7242
5507
1917
2596
408
5921
5169
5311
5116
7277
4587
257
1005
1040
6443
1262
2642
2759
3029
5163
4331
1802
7204
5372
4525
351
4637
2020
490
6319
2330
2653
6603
3979
4567
3107
5812
5487
1591
5996
1854
3192
3990
5149
4688
2775
5607
2858
1582
1474
889
348
6469
5578
2387
5112
6506
202
6775
917
52
3108
6312
4322
7422
6629
5612
215
3112
2785
3266
5231
155
3484
6719
6334
2224
6261
2081
536
553
7359
2310
4999
222
1924
4793
6568
4131
6003
397
642
3748
