5765
2011
1378
5173
1818
7417
5906
4309
4651
11
1840
172
2188
5979
1283
1452
2517
7135
1086
2436
1658
5599
6536
3535
720
6344
584
6046
7171
5620
5607
5818
6312
3492
4265
3266
2466
57
711
7045
2285
1733
492
4483
3308
7473
4176
3932
4536
4258
159
1018
6272
161
5119
2800
1823
5895
5219
7350
3978
1335
746
2345
7073
505
3271
2641
4041
6481
3429
1009
3834
1661
7250
7470
4397
5431
36
6800
6246
6805
6675
2539
903
7034
5487
1708
6750
3323
5065
1541
6002
766
2817
3436
2006
282
7430
5099
636
2927
5861
5393
2289
6228
2180
914
3055
4846
6048
3869
6316
3629
2085
3461
959
4811
3728
2633
6139
2217
0
3836
2419
2245
4102
982
3809
4637
3894
7386
3518
1799
5886
3441
2546
4786
5944
7447
3403
6793
3424
3713
4878
6442
1171
1396
5482
6616
2261
1417
1909
3018
563
6336
5723
6058
4023
4155
763
5083
2879
6101
458
6858
5159
5363
1976
6373
271
5086
3366
2874
5908
6394
600
3694
71
5531
5559
6018
4551
5277
4167
5986
7232
5355
393
5963
1896
6706
6288
6328
4849
6472
289
6283
2985
2869
832
430
5034
3024
5305
3325
3856
2295
1705
4130
4044
566
7446
5791
6698
3125
786
6010
1619
4192
1045
4474
962
3349
3584
5639
3669
1960
2775
3085
5042
1567
7481
5092
5956
1741
2969
1044
7319
3889
5871
2596
1922
6084
692
2196
4796
4962
4419
1534
5132
2510
7397
3569
1604
4821
764
6067
3639
3105
6413
2450
1051
6040
833
4429
6956
5204
6743
2708
6979
5982
2913
5233
875
801
1158
1288
6999
6426
785
328
4634
5627
1852
7456
3588
94
7124
1937
7041
7179
3605
6916
6114
4062
5452
5325
6129
4361
883
7085
4646
2143
6024
4569
1716
1269
6458
6686
3531
576
5529
1703
1660
1080
7028
4229
1130
514
5459
6735
2122
5926
2825
6771
6255
4126
1227
3875
6389
1763
3454
1411
827
4172
5690
4441
1412
3140
1855
3808
5823
970
2635
6783
441
5493
2998
4094
4437
1635
4154
4614
7126
4232
130
5651
6091
443
1988
2305
476
6641
4116
1636
3604
2563
7107
730
1650
2465
2905
3681
3620
7253
1459
4695
2770
1942
5353
2275
2189
5414
5084
2644
4518
6422
3425
5946
4723
4002
3207
6022
3225
2287
4
6658
4660
1320
2111
5449
6166
7392
5971
52
5102
772
4910
2048
2748
2599
6917
2526
5538
1996
6839
1496
6975
7098
416
91
5237
6718
5797
2004
4400
3624
2929
4207
6841
5120
2778
4836
6620
7030
3739
385
2390
3293
6673
5835
2813
6566
5033
4566
7097
2304
3892
6333
1821
6526
5924
3007
5798
3682
2190
5344
4969
4275
7039
2046
4675
4013
3784
4526
329
7081
7438
5250
7086
3941
2130
3929
3561
2097
1688
3797
2944
2032
2912
3256
1517
3830
5464
4047
6197
6714
2857
4410
3333
3070
3523
3673
4439
6595
1565
812
5679
3671
993
6065
983
7153
7240
6369
1634
540
391
4825
5439
2040
923
6822
2269
1877
3657
4584
7100
2348
736
5519
758
5968
2252
3635
4489
3916
1330
2331
1897
2723
2747
6443
3355
1591
2769
4950
274
1529
5288
3769
3904
4251
809
2164
3971
2260
1476
4855
5378
618
5891
7418
6664
7433
7032
5186
557
4451
1455
6352
2468
5346
143
7283
2081
7233
2652
1163
3305
1237
6341
6881
6152
6797
6991
3404
4948
2865
5975
3244
4907
6553
1019
1607
1654
3877
104
3873
132
3168
7053
7023
5184
5556
7245
244
5208
667
4032
4919
1128
3496
5698
1282
6782
3480
7439
4578
3010
2964
1442
2115
1236
4822
6810
2659
5059
856
1150
6823
1352
6451
4175
4277
5465
3096
6303
927
4288
5610
3519
1209
334
7427
2704
2249
3264
7379
7448
2760
2489
3171
874
2003
5737
1571
247
4355
1344
6075
38
5708
3356
6253
680
3385
780
3705
381
1811
3643
7266
3351
5341
4520
422
1324
4653
419
1781
3434
5776
6530
5768
7318
1342
5499
2732
1497
378
1675
5623
1498
6633
5494
1595
1384
6927
55
251
6575
5934
294
4768
4028
1749
3774
64
336
6819
3420
1441
2674
6310
4706
1641
3481
3527
7078
7390
4250
2113
3738
1932
6532
316
6521
902
2763
6398
4993
6580
818
6792
5812
5984
5008
6167
2660
4259
5298
3499
1413
1434
4111
7114
1998
608
4572
4494
12
2206
1245
937
5225
3339
3098
3387
2415
4081
3089
2647
99
5235
3237
3281
6721
6001
5997
5630
4981
5003
7054
462
2280
2549
2751
2283
4691
1737
2308
1208
3754
2976
4640
1833
6464
6713
2259
4245
5211
5717
1967
919
852
3827
4741
3104
789
4750
198
2845
2267
7270
5875
4594
4773
6833
7229
1060
6415
5260
1343
7038
1726
3452
3442
2350
77
7193
5537
4455
5988
3474
5868
5644
1536
7424
2806
3128
2752
6915
4078
2312
6631
7279
4823
3745
2501
550
226
881
7223
5504
947
1839
5892
3011
6953
4008
1407
2357
4837
4339
3743
1388
2730
6966
4624
6124
1145
840
2370
4968
1914
4818
5349
1679
4555
6508
6791
4215
6540
5291
407
610
647
7143
6523
838
122
843
2174
7158
47
6733
2054
2965
3149
429
6604
5029
4508
4139
4527
1803
417
2715
1134
3965
3668
6876
191
7298
3005
5187
6122
2360
4398
180
1408
5854
83
7188
7162
4223
878
2462
4813
2181
2236
3258
1521
4746
921
1589
7201
2367
6506
63
3107
6928
3910
559
5618
4876
4179
6125
3348
3259
884
213
5194
1424
1667
3307
1359
4073
2477
7322
1917
5643
256
7131
6868
2946
4795
6597
4390
1410
6477
374
5602
6370
4697
1682
1586
5171
2742
3036
3833
4244
3924
5937
893
4459
4021
2339
4940
997
4246
3123
2124
6391
5457
3343
7214
5805
1842
4421
3422
5289
2933
7255
6192
3463
2720
6351
2793
3885
6287
6670
4302
5544
2859
6151
1515
3014
3298
1550
5661
7354
3567
471
765
2779
6947
5313
6537
5020
4869
1552
5843
6574
1117
6111
956
5566
312
3516
2925
6568
1727
3638
633
1277
1887
6869
1430
1632
6399
6804
3630
3903
612
721
4279
3368
5183
4119
6825
6042
3092
98
718
3142
2709
1027
3360
2220
2980
101
1861
3600
500
2116
4299
3541
6606
4736
3816
3328
1486
4711
3570
5284
50
5232
791
4462
1104
2989
6690
1992
1809
2764
5144
3025
5139
4320
4679
4794
3992
2805
617
6963
6150
5597
6884
3071
6889
1414
3137
389
177
3428
5685
3568
7419
444
7471
6848
5293
3252
6772
5200
4252
5458
760
5829
3032
5074
1251
1939
3156
5748
3133
6520
5450
3730
3913
1711
396
1199
266
4222
4589
3064
9
2983
2103
1524
2627
4201
3793
3086
6719
3753
4636
1525
4656
1190
1471
5218
719
3815
6168
3047
3065
5283
2488
5413
1876
6439
1717
4354
1088
4647
330
1938
5302
1540
276
3504
7275
2494
3040
3832
186
2378
3445
494
301
2417
125
2595
5715
3895
5842
6491
2749
691
5453
4574
2318
2799
3331
3391
6983
5016
606
6268
1364
7306
1336
6923
1633
6014
3192
7043
2864
5699
3154
7096
6611
2553
6756
1849
4951
4949
5734
5381
1954
2170
2024
4583
5158
3216
5999
2062
1293
5018
6366
5957
3608
6803
952
6276
2977
556
1925
3210
5646
188
7489
3184
1637
2655
4539
5285
2636
888
6737
6939
166
2075
6937
897
890
2223
5634
1082
6707
3528
670
2866
4947
2872
828
2741
433
3626
5678
6121
3090
7090
82
305
6056
2739
3069
5261
7280
1687
6779
6470
6874
3888
114
4103
6786
1680
4343
2851
1292
3430
6838
3283
1669
593
1955
2459
1403
3731
234
3722
2321
1071
2984
695
6459
7002
6768
39
4717
2717
1562
5379
3810
6327
3109
6265
2016
1868
5720
3320
3985
4975
5063
595
6179
6176
6496
457
1804
6657
483
4733
402
934
5155
626
1274
2672
3004
4496
4556
4069
4934
4510
1752
4921
1074
6563
1845
3976
2518
5483
6724
2409
368
7044
4582
4553
7277
7404
1136
3967
2771
2604
3554
2354
3719
2594
5391
3012
5404
1477
5560
7284
908
3785
3711
5130
2076
2578
5889
6171
4507
354
6431
2017
501
189
5335
4254
2244
5564
7411
5192
48
2956
5815
6931
5432
4747
7444
5032
4216
7487
2452
7009
2816
4548
265
572
6739
1611
5745
1620
4173
3846
797
1065
3407
3350
2654
1906
4579
3286
6325
5323
2095
4285
3204
4816
1613
5565
5046
5719
454
3726
2959
5845
3684
4892
7129
7123
1338
6054
5415
5572
6119
2713
6862
4509
2978
4716
6407
5193
4504
2880
5292
4035
5172
2662
2860
4517
1816
345
1305
4914
3964
287
6
4917
4281
2951
4731
1884
5009
7079
5596
2416
6678
445
3868
1722
2960
4433
1056
6225
4861
126
1391
4713
4329
953
2056
5222
3998
1847
4955
2286
357
3779
5902
3219
972
6650
2692
575
4048
530
1303
440
1298
4911
2324
1030
259
2117
1547
3610
6264
411
1851
5400
4345
714
1800
5326
6758
373
3695
4561
221
7075
3828
3698
6681
3734
5213
66
5408
5373
346
1409
825
4427
6250
5888
3163
1921
479
847
4745
2680
2607
5161
4380
3419
6599
1572
2093
525
561
6136
5796
7331
3677
5066
2455
2356
3522
3720
2033
1162
950
3314
1448
845
6321
2630
2031
1095
2005
6034
582
5779
634
7321
5412
5061
5781
6700
323
4627
6901
887
2169
1345
900
2649
6653
4966
491
1916
1544
2200
4273
5256
1242
2484
5562
4466
1825
6899
4704
3641
5727
5096
6383
5740
5365
4771
7209
3173
1578
5885
5121
2372
7262
344
6284
5215
3022
5067
6381
3494
4538
1157
802
7134
6231
2306
3413
2639
6880
7383
1154
894
6942
6130
2203
1570
7358
3139
7443
5733
1229
293
5336
2569
6958
3517
7260
3515
1531
6210
4791
1181
3082
2776
4804
5694
2757
4535
5647
1419
3056
3019
6830
7056
216
4838
4687
3241
3746
232
7122
694
3359
5078
144
3678
2375
6569
862
3744
2262
1198
337
700
767
5848
6654
6976
2407
655
348
3205
3702
5626
3710
5660
5383
7217
4727
755
7204
5857
3397
4052
1038
5527
2277
2841
4315
3997
4092
4852
4160
748
909
4305
4016
3443
899
3250
629
3505
6452
4286
3502
5844
4617
2754
3338
2622
322
2773
1016
2921
2839
2315
1347
2057
5786
5040
5137
280
1968
5248
1425
4668
1979
2909
3433
5671
4169
2347
7225
3901
5151
2837
1801
3837
2140
439
5075
1025
547
7178
7407
1510
2299
4177
353
1124
3717
6247
5549
7389
4099
460
5094
7254
4528
1731
1663
7093
6549
732
3299
2967
7477
1161
971
3122
3972
4118
183
6279
3473
747
1739
3918
5437
2128
1984
1422
1889
1560
5919
6493
1928
6036
918
327
7429
3489
663
1244
609
6064
4431
1836
1248
1732
6485
3751
319
1672
4537
2049
1055
5329
5253
6350
868
5576
6872
2313
1084
3303
611
3980
6449
5163
3132
3217
170
1971
1652
4300
1077
668
4565
3690
4017
4247
233
6815
1451
1279
3937
2698
3093
3944
1382
6096
6904
1516
1271
2121
2448
342
6003
1640
4318
7440
4378
6326
5605
6478
2688
7101
1712
5546
4382
1031
1791
4221
5816
5753
671
2947
6684
1870
6461
519
7437
5197
2083
1696
6175
2379
4272
2796
1965
1155
2728
4298
2855
6039
7378
1526
842
5088
1355
5543
917
5357
7017
7349
4304
880
743
2782
5182
2222
5031
592
5641
6147
2353
3934
4515
6925
3994
5226
2534
1275
3059
6785
7244
3511
2179
6829
2994
3982
5395
1581
4575
1882
308
6219
1460
7249
2440
148
4703
4524
6009
3124
7190
6944
2106
5023
3106
4978
2209
6679
5961
4004
6308
5382
1866
2979
44
2901
3112
664
2696
3337
3748
1211
7399
6463
4396
1700
6774
5424
4543
3169
6888
248
528
6955
1103
6335
3926
7025
7263
5484
1472
2080
2241
5145
705
2591
5894
4373
4908
6193
4552
734
2194
4891
3712
2276
49
4912
272
2505
7026
1693
6060
2586
2042
401
502
1168
2566
1566
5407
3334
2495
6016
100
7139
7334
3079
5636
6850
4174
1618
3239
4960
7344
5403
1573
2876
3612
480
5904
7196
4460
5095
6480
223
1508
6827
3640
551
4349
3656
5327
3906
414
5490
4468
1760
1773
6241
6423
5164
3016
1690
1924
3072
5036
1257
5005
1596
5959
5069
3015
1878
3571
2393
2834
4276
1222
3665
1109
4165
424
4334
3326
6808
4708
6504
3464
4109
3989
2831
3699
3270
5505
384
5877
5310
6851
5659
4752
2268
3990
1580
6117
3647
6008
6184
4352
2781
5580
6138
7197
4388
7065
4997
3819
1926
3372
3030
6954
1301
3291
7412
6298
5628
2787
4344
5775
615
4080
6196
2703
102
5616
3341
2577
5962
4591
6534
3759
3340
3260
6602
5000
6845
1310
4970
4196
1673
6913
218
781
5814
326
1621
659
4803
578
3962
4087
7108
1397
1792
7285
2270
6304
461
939
5995
6572
4608
1750
4089
5746
6007
2733
6671
4781
4633
2900
4030
4699
6141
5555
4979
4989
5231
4887
2145
3772
4418
658
2425
3983
5516
3220
3579
6571
3153
6943
2237
1439
4599
2429
3084
2364
3955
4941
5492
3973
4493
4469
4194
1601
6559
6118
738
2303
6322
1579
4669
4472
2307
6794
5348
591
4208
175
1501
54
6781
2950
6509
4260
6994
5732
3166
252
877
3794
1042
850
3959
4839
1574
447
5110
428
3968
5788
1883
5774
6205
7182
722
4020
4090
5038
3450
6560
2423
6149
3780
1308
4202
3514
4689
1994
5108
1643
3344
196
4638
3421
3028
3269
7413
2069
7113
3178
4805
2023
3362
599
493
5948
6542
1720
3606
6879
6995
3697
6324
1506
1886
2238
940
5359
315
2690
7466
4166
5238
620
5703
18
1175
2797
6280
7089
1757
7145
3427
1122
6088
4562
6156
6906
5236
6229
698
450
5111
4961
7482
1761
3737
2548
5668
6643
1588
6332
2619
1010
867
6882
4753
7356
6692
3063
7067
6263
3627
1858
5455
3195
1141
5476
1405
7425
5180
539
5124
6364
5830
3468
4904
645
3881
4719
5435
1284
2242
6922
4925
4641
590
5473
6615
6639
6262
3158
4550
2172
138
6908
2421
3761
1494
2442
497
6767
3371
7042
5054
4307
6392
7274
3544
1144
4824
1370
3497
7227
5333
6093
4833
2560
4236
6691
1813
6790
2554
1367
6233
974
4395
3126
2605
4920
4476
6940
6645
4835
1481
6434
753
4446
1609
270
6011
5853
7454
7289
1479
5485
6708
7464
4739
5705
1592
7380
5897
4980
5224
6972
6538
1908
5637
533
2888
3634
537
6113
4557
7068
1339
4369
3977
5600
3373
3136
3859
800
5109
1747
2914
6753
5446
5371
5251
2818
1026
6238
4029
5617
5953
5910
3857
4661
1000
2101
1603
1936
3213
6465
6640
4850
6577
5441
2952
7066
2895
3804
7035
246
2538
5771
3622
986
6584
3623
5789
229
5787
2996
2562
6289
3255
7016
3917
6450
6345
3814
1167
1116
3948
5998
5767
4954
201
2127
3551
3899
6968
4532
3062
4958
6751
2432
3364
4326
5587
6371
6267
5939
1689
4544
2426
2398
4478
4290
1782
4899
5337
5664
1260
6334
688
7362
6812
1759
5909
2584
4093
6488
6133
3147
68
3714
3632
4142
6100
5168
4370
1788
2597
3335
5688
2583
6457
660
3506
6071
3585
4077
4963
2643
7393
2668
687
673
5267
1328
2068
7003
2826
3423
3603
1795
3573
931
2815
1542
4898
1170
7336
1182
1748
2949
2784
410
6984
2344
3750
15
3221
2522
7072
6965
6236
1149
5071
6421
5160
2037
6305
7060
5247
3538
5169
206
7391
278
5107
1023
2073
339
6878
5713
5860
2863
472
846
6659
2309
4971
5893
2090
5863
4005
1393
6157
696
4198
404
4212
5568
1203
6082
423
2699
5405
1300
4374
2896
5143
5421
5629
211
1519
5239
2746
7076
6490
6544
7147
6705
1108
6638
6098
6408
2055
2736
3410
2153
1957
4106
3080
5701
4376
2783
1630
2932
300
7450
6436
4497
1383
2173
6033
4648
2051
4323
4588
2053
761
5479
5273
1068
4316
2850
5552
4848
2255
4623
4935
5773
4025
3181
3557
2126
7105
1449
6730
7414
93
6143
6195
5278
6137
1783
5670
2402
4957
7428
5981
7455
4880
853
3187
3057
1461
241
4056
585
1546
486
5595
865
3143
5294
7328
1593
2018
4563
4514
1377
5530
2884
31
3950
3648
2664
2915
1614
1076
1177
4533
6773
925
6456
6669
3771
5185
2592
2945
5266
6770
3781
3655
1815
2336
3438
1070
701
3167
6826
5584
2358
2844
5656
1624
973
1898
3725
5498
1514
2098
4807
793
661
5801
199
4918
4976
1340
4545
3594
3
5724
4463
3115
2198
5189
3418
6004
398
1469
4184
4724
3536
6292
4932
1125
6140
5389
682
7186
97
6777
4769
1910
6286
341
7333
4336
5304
6323
3033
7252
3347
5244
3773
3675
7338
4893
4854
7050
3826
5039
2897
4161
3501
1323
2610
3234
5397
985
2297
3818
6217
816
2629
253
5466
3563
2883
2658
2753
2279
5609
2020
254
1058
110
1947
1874
3870
6608
2102
6216
4620
1859
6015
236
2564
3560
523
5856
4817
6731
4138
1309
5980
810
5367
5502
2935
4203
3526
2993
1777
1219
3545
7376
2992
5802
8
6194
4274
872
5201
4140
1278
3598
2593
2836
3813
2351
709
4058
7301
3724
3879
1148
4586
5869
4858
134
2738
5252
3850
296
2830
3581
5350
1778
5622
796
1174
5153
135
3553
4684
6795
5104
5972
5625
4847
5229
5501
892
1973
4113
1931
4690
3223
431
1735
6494
5328
2151
4738
1218
3659
1048
6165
3727
6627
6080
5100
320
5148
1502
3029
2650
481
1392
6590
4639
275
4406
69
5471
3993
4356
3186
844
4814
4127
1102
5205
627
6817
6154
6701
204
6761
2854
6201
6932
906
1885
5073
5593
6207
3601
164
3498
2532
6360
749
5135
3202
60
5089
1740
1704
1350
6762
4930
7121
7472
604
2908
913
5312
4560
7385
2131
5212
3417
830
4227
1296
7290
981
6974
3823
1935
3081
5613
2609
6313
5769
6379
1554
5594
5321
2811
7268
5638
6763
1862
4492
6857
2123
3957
4297
2571
151
6914
1176
864
6181
3279
5369
3654
4121
1543
1321
2954
6174
4996
4249
1709
209
192
4199
5070
6513
2175
7459
860
643
5766
2430
1207
967
904
4677
3861
5689
597
1172
2007
1645
3900
6522
3593
5496
1528
6438
2233
2625
4481
7261
2516
1073
7226
669
1864
4630
3179
788
1358
5133
4619
4350
6946
522
4331
7449
6053
1230
3402
6057
2892
3144
5301
2891
7036
713
392
4034
4010
2873
7212
1089
6476
4521
79
463
210
3431
1977
3692
3756
1535
3386
2642
5190
5387
5362
2572
360
6610
5569
710
136
776
2273
6517
6688
76
7258
1944
3363
5757
5303
2480
2637
4718
147
935
3251
7005
2461
2794
6717
4547
1
2210
4341
6728
6847
5004
6865
496
1787
2679
1029
5654
1824
3685
2149
1036
5876
2301
4450
5451
5557
4096
3458
3352
1004
1081
4240
4242
3191
1075
1797
2254
1651
1923
4014
1625
6453
7432
4266
1706
3970
1530
6662
4181
5947
2404
529
2875
4363
3400
6343
2414
1133
4938
4549
2970
4672
5866
73
2310
1334
338
5223
3319
4022
1121
808
7187
2141
5619
3576
2514
4233
4870
1694
1767
7132
3708
6527
1254
6746
4479
1246
6237
1139
2035
4499
6918
4728
5811
6418
916
4801
4095
3135
2438
944
7208
4287
6198
4775
6314
2002
3550
6704
6618
5012
6799
1523
6159
307
2112
2045
1126
770
1854
6564
2852
5025
5795
777
5220
113
2162
5262
121
4742
2533
1119
7478
3043
4831
6693
6887
2916
2714
6155
7088
1666
898
4495
118
284
1638
2833
6990
4164
4686
2278
1721
3274
2893
1478
2036
6740
948
1676
2567
819
1360
7033
4185
5177
2614
4707
3835
2525
6741
1381
5311
6986
4829
2544
4670
1929
5800
2798
1057
4417
1642
7115
2422
5985
6290
1005
6552
7305
3762
3905
2877
5784
1332
1164
6748
3672
3653
3660
2388
1796
5141
2316
2433
2195
637
4367
5725
6078
5653
1187
4705
499
571
4150
6586
3116
4592
2322
834
6079
2666
4257
879
2320
2001
989
6609
2243
2232
119
6158
5126
30
1319
1830
1433
7435
158
7069
6446
1255
2138
5149
6723
739
2219
3375
4696
6725
3923
7127
4122
6682
907
5941
6871
1538
7246
6601
1509
1064
1974
190
6896
3275
835
4877
5742
3398
979
568
7265
3031
2176
1179
4364
6123
6749
3703
1210
5406
798
5731
3053
6471
5540
5785
7423
689
6533
1049
6163
4681
6013
3543
6501
5035
581
3182
3490
1512
2678
2924
3374
2193
3247
2821
3602
2931
6085
5936
7006
619
5331
1250
3233
849
6594
4112
2790
1820
6099
6473
5657
4897
2986
775
2682
2171
630
6178
895
3074
7445
6935
4676
6515
2743
6541
3432
1743
4725
3470
1312
6029
14
5960
6063
1770
377
6191
6382
2727
1569
932
2
2881
891
2043
219
542
3317
2384
1863
4888
1195
573
2725
980
6204
3755
2026
6818
2052
3329
80
3839
6809
7099
5272
304
1698
6235
5824
6083
784
2282
7027
3958
5955
7057
4559
5867
4108
3735
4045
5534
5026
6153
21
194
1856
1186
6045
5146
2665
7141
6960
1129
560
5966
1256
3664
3009
4500
2904
855
1646
1888
3313
4765
7434
4009
1622
4255
7071
6295
6038
6468
871
6309
5394
3211
3108
6051
4767
4581
2476
3607
1002
1490
3091
4967
3465
2225
2298
5125
7087
2394
4107
1423
2735
7278
2570
1953
3764
2911
1372
6890
6405
1513
3075
7272
5524
2792
1294
4857
1191
4368
3411
2535
4241
5878
4148
4428
4842
5535
1997
1725
1608
7374
1416
2590
4328
1599
1290
7163
5021
3537
2982
5506
5532
3257
6218
487
1307
613
6251
5166
7431
4168
3995
1468
7415
243
2142
4037
5928
2711
5386
998
6695
3966
6489
2687
7166
1718
3336
2580
2801
1983
915
2013
108
7325
5384
5592
3129
1875
4151
912
123
3076
5216
4413
1337
6971
6828
3878
7140
3580
728
2822
2589
4477
2626
4772
3161
4338
399
6798
4311
941
3342
686
7366
2437
4856
1647
4158
6055
4333
7216
6895
4422
6069
5665
6000
6981
4649
6220
22
1941
744
6301
4091
6507
1784
7063
5836
7
2424
4977
7420
5872
3987
7311
4820
4327
1729
3172
674
7408
4088
6223
2920
3383
2332
3969
6173
1949
5539
3887
4156
4929
4865
4228
7231
4757
548
2558
3027
5585
6831
4337
4445
1585
1989
2444
2408
193
2281
7360
2638
4844
2342
3676
5048
2587
6261
509
2961
4000
813
4243
2453
2256
1333
5434
3908
3067
263
3416
2937
3628
984
1577
56
1563
6437
6183
3618
4972
435
5989
5849
6388
6403
469
1394
4124
7271
2631
1402
7282
2957
6131
5297
4662
3520
1286
4903
3296
1857
2454
4616
1972
4458
205
6357
1769
6444
3148
4392
2071
3304
81
4894
2215
2667
2341
5511
1999
1234
258
6651
1204
3615
6254
5209
5662
5332
2431
5062
7485
5965
109
5911
543
951
822
4512
1078
7291
513
467
6518
2530
3884
4403
3709
1701
4284
3485
1919
2340
5691
5684
5883
1808
7055
3651
4195
4335
4913
5345
6030
2990
4872
1152
7297
6103
4384
4749
86
4210
2428
6430
999
6980
7317
2541
773
355
5334
1475
4737
2878
1774
6548
352
6957
3865
4506
3800
6500
1793
7286
583
928
4225
1180
2556
5515
351
839
5686
6306
3787
5533
2134
2661
2705
6556
4541
2396
4200
6128
427
6162
7082
6587
6612
5755
949
4673
5526
4412
1024
5841
2702
5202
3151
1420
3507
4694
4819
7160
7375
2972
489
2691
4019
4253
1034
920
3042
6188
6412
968
7316
552
2059
1990
5014
5702
7228
2224
6059
7371
1881
6447
3633
1462
4956
2616
6249
638
3939
7370
1987
1431
3798
2253
2780
5167
6435
3530
4615
631
5002
3898
5376
4449
5850
5917
4291
1033
89
4391
504
3377
4682
3853
3801
1597
5195
7468
6902
4923
2365
4170
3212
1214
1776
6514
1386
5280
5351
1189
4936
1728
2077
4006
5037
6632
1612
5361
1780
2527
5352
6605
4905
4564
7102
473
4568
6409
1616
5581
1314
2934
1215
6429
7342
6715
1450
5282
4064
6754
5270
1349
4776
6531
222
1474
7462
5817
2618
2374
1375
3786
150
901
3451
3897
5103
3539
886
4218
2615
2756
3309
1146
616
5279
2520
6897
5308
255
6578
5820
2871
5840
1183
7001
2383
5481
6416
5677
6206
27
4055
1899
994
2724
6221
6948
7452
6661
6729
5890
938
3414
5831
1961
142
85
7396
4973
7192
2867
6172
2795
1008
1812
6864
6910
6680
2513
6907
5838
651
3052
2058
5782
3766
5364
4393
4159
1445
675
2938
2785
1762
7206
7484
1575
699
5156
1880
5113
1504
5287
5317
7092
6041
506
1537
395
2919
3723
960
946
1900
589
1083
7019
2377
2418
3240
2092
6375
1970
579
4068
1810
6892
4916
6145
7307
5839
7167
5772
5669
2602
4377
7181
5508
4939
6806
1503
3121
2882
3478
4114
6603
3215
4751
1671
2230
5675
371
4787
5635
5974
5497
2334
3483
2264
1724
3909
7007
4153
155
5855
6337
3882
7442
7080
3447
5804
6242
6710
2074
5402
3935
5832
4793
7195
5188
6861
376
1470
2338
3248
4712
6259
5320
5179
3243
1879
683
2722
3287
6049
7461
541
7083
242
2761
4261
6277
4051
5923
1758
4866
2987
2044
7165
7210
6213
4606
1533
5935
5028
911
2573
7235
1054
2157
29
5122
3733
332
6180
325
7475
6182
1912
6203
5615
1112
5929
4883
3805
1131
3479
2135
7051
4881
2302
6510
2376
2483
5952
4204
2858
2624
2168
6211
7172
5752
2657
3871
6802
4764
6886
4658
6142
6941
383
1966
5932
1444
4197
3852
5561
415
5486
5514
4841
3392
6677
3273
5358
6019
6027
169
23
2160
2948
6555
3855
6177
790
4129
5385
4610
386
4434
1140
5673
3533
3214
230
965
6089
3749
6293
3508
7314
4964
6315
6232
2588
3509
3691
1399
262
2201
4359
4882
2015
4162
4665
1395
3110
4580
6977
6776
154
4312
3477
2166
1007
2995
7120
5553
6359
474
876
4402
7295
2148
1093
1872
1115
1379
6340
3396
5777
848
4655
3183
2382
6816
603
958
5938
4321
3670
4050
3716
156
5230
6970
5271
6358
5730
5447
5834
2323
5356
1160
6074
4710
5129
4931
387
6146
3867
6502
558
7202
4143
2683
3996
6275
7061
2719
1548
4248
231
5915
5756
5433
6591
141
6634
1610
3763
1241
3621
3446
2492
754
2870
4211
5523
5528
2274
62
3114
4060
5518
2543
2463
3596
5525
2498
3555
3791
1648
6558
6404
6374
858
1435
4358
2523
7169
6479
4734
3054
4603
5157
3747
5764
6020
6676
1233
1904
6811
2482
1228
4348
6068
4779
4832
3475
3289
1151
249
2330
1354
1200
2997
1962
1545
45
6898
5940
2601
6498
1582
1132
6102
5372
2500
4644
520
2159
3776
1745
5309
7091
6647
5973
6720
2008
6961
854
2038
782
5090
3203
2547
5460
19
508
3796
1719
5606
2846
3945
2745
2109
2671
103
2926
1664
945
6998
5964
477
1918
3412
285
5425
2829
3858
4501
1063
6495
2628
768
1738
4632
6982
1380
5783
5017
5097
2540
4994
988
5729
4674
3558
6764
1559
1902
2292
4754
207
4296
1047
7242
5011
225
5152
1905
546
4325
3472
3261
4071
95
302
4125
4453
3020
5640
6294
5806
3757
6936
4558
5024
5873
4827
5674
6814
3770
3849
7104
2848
2411
4448
1458
4018
955
1138
1556
1415
2620
3013
7215
3038
16
4944
5006
2034
2716
555
4815
3282
3577
6086
3097
656
3435
6912
7021
7211
672
4663
7398
7064
6474
370
829
2519
3026
1021
1930
3914
7164
4868
1351
1165
596
570
4730
2326
4457
2777
6376
2240
111
7058
7361
2508
526
1699
2999
4576
1092
4554
1281
6087
3679
6209
3048
4351
6860
5681
2078
3802
2118
4267
1915
1691
1850
6269
996
297
7486
359
7004
2819
3353
2266
33
857
2152
6428
3986
406
1507
4231
5469
3094
1837
4611
4404
2137
3164
163
1001
662
2014
4420
4789
2362
4214
3696
4074
3185
5366
6199
1668
4909
451
261
5474
4864
5667
5087
5306
6097
1090
5603
586
6497
1844
2684
1273
5921
4027
7453
2772
3860
5951
6440
195
7320
2473
4593
1751
5706
1969
6893
1684
4105
5913
5847
1313
2651
5444
7133
2788
5477
3315
2257
1028
5828
2640
7198
3592
1192
3346
1602
2576
116
5930
75
837
2786
10
5743
2337
446
6585
2936
5478
2574
1280
1656
4902
7152
3591
5456
168
1871
2319
2955
6378
5513
7138
6342
6367
771
4057
295
6964
2248
397
35
5399
5475
2470
5918
5488
6867
3409
5324
3847
3127
3821
4812
3559
5340
3649
5430
3532
4529
182
3806
1982
6385
7203
4471
6187
4490
6535
5761
6551
6596
495
1052
1268
4280
478
1754
2493
1555
1832
6214
3087
6796
3838
3050
4086
84
3572
4873
1091
745
6271
5882
3999
228
3662
2481
372
2843
5722
6780
356
7367
6222
6411
5510
7173
1265
4482
3650
6224
3484
4692
3284
1003
2971
4317
3611
1325
2693
7313
6433
3395
5578
2598
5454
1041
4301
1421
127
5396
2943
1756
5563
5914
2413
5763
7465
3931
6543
4292
4054
3049
2387
2165
1590
5436
4702
2542
4442
5318
2613
6625
6455
5134
4664
4189
4826
3206
2199
5762
2491
106
1012
2922
4346
5165
484
1111
343
1193
1867
4871
2861
995
2125
6891
1443
3034
2648
6260
3306
267
6607
4806
2235
4033
6547
1768
4542
5114
6630
1299
3455
6546
4722
3236
5759
6282
202
4597
1894
1357
1779
538
1166
2894
7000
7469
3100
5281
2147
774
6844
3549
2712
1127
5541
5521
7257
2094
3439
1400
2475
5136
4853
3046
2646
7324
3840
1956
5862
4534
594
4038
6885
3160
7364
5307
6875
2963
3674
3824
5419
6989
3760
2208
4519
4454
5442
4362
5567
6077
3949
3896
5049
2868
6636
7118
2192
1615
1927
3706
5807
5758
1869
269
3265
2406
5704
6329
807
340
4465
6787
7185
3952
5263
3460
3740
5852
2389
4900
3687
1035
6410
3783
4101
1553
3503
6296
5296
1050
4798
67
2853
3953
3290
5461
6652
4985
2114
5142
4886
863
3130
1366
1946
5896
4709
2368
5707
6969
5127
2139
1913
4461
4901
4780
6545
7401
3927
652
2191
3227
4136
3943
239
1963
3159
4859
4792
7377
4289
6511
3954
149
3548
1662
3466
4522
7175
7177
4642
3382
4525
737
677
1206
2701
2479
6757
5655
4440
3231
7467
7251
5903
1848
4145
2612
1317
2710
5821
3974
421
4915
317
17
4104
2697
5199
434
2942
5509
2812
7259
2294
3795
6648
4721
7436
4625
4072
3361
990
3782
7426
4998
3586
6362
6519
2545
3253
5170
5115
4131
3902
6529
2975
6565
4046
2167
4600
3646
2958
5978
331
5196
6427
5977
7329
3318
1695
1276
2849
4408
2802
3462
5045
4308
703
2373
3829
5710
4759
2027
6624
6626
6951
6933
366
6820
88
4607
6924
6227
5739
7239
2550
5147
4003
549
4511
779
5900
6031
2766
4626
6870
5992
2100
3006
5198
4983
6244
3542
3401
1263
65
3822
7410
5611
1485
4596
4714
6949
2820
426
7394
4293
1789
3263
3376
4117
621
7148
5228
1022
5945
885
5880
5426
2689
814
5819
1653
676
5264
4235
5590
1819
6256
2182
6694
3037
2443
5631
524
6460
1903
5
3582
3209
6512
4120
1072
7281
7176
3540
5586
5994
3278
4098
5214
1584
4800
2000
5401
96
1446
5019
6667
92
2400
7159
4809
5243
5258
2524
4263
5825
4683
6116
2361
2941
5360
6909
1505
1655
3562
42
1558
2250
567
4587
5604
3369
7267
704
3288
5467
6716
3689
475
4278
1039
1551
7292
3862
3825
5438
681
6212
4498
24
4895
1895
4621
5993
7332
3981
6417
6073
1221
707
2608
4049
2890
2898
3683
3193
4622
3631
5916
6347
4473
4379
4372
4828
3495
535
1105
72
1373
1285
90
6400
1518
1454
3272
545
2774
6722
6339
1037
4152
4577
5181
7237
1266
217
4486
1322
6821
7384
3936
3946
1933
4788
5050
1106
1153
942
4137
3165
4075
2903
2503
3245
3845
6348
963
1487
3767
6076
3051
2335
2456
5339
3788
6766
2656
966
4678
2010
5265
281
1426
2395
4295
2091
6274
2490
7062
2214
762
2399
7330
7293
6330
178
5276
5495
318
347
3590
6012
639
826
2328
2670
1670
1766
5410
512
7142
2940
7327
1466
936
1346
588
6665
5112
6414
6900
2552
2767
6185
6307
2555
6525
3119
5203
7184
601
3565
59
650
1220
1363
128
1587
1623
4650
641
5507
4777
5013
4100
5780
7238
7339
2401
2568
2119
799
413
3707
6484
2290
1981
6644
5254
733
1067
4763
1238
2804
6711
1261
6962
5101
2551
365
2968
889
5154
3198
3058
4385
4959
978
390
1456
961
7116
6550
6281
644
742
598
6248
4991
32
4132
3226
4924
817
3831
2856
5920
861
6752
3175
2499
1583
4347
2183
2497
2611
5138
7022
5754
6642
4178
7207
1188
6109
6687
4394
6852
3911
3077
964
6052
380
2427
6674
2187
157
3775
5176
1438
6503
2185
3406
1143
4416
859
991
4693
2531
2910
250
6877
61
78
4456
5642
200
6853
1465
5343
43
6448
1495
5520
5826
6894
1094
5290
5117
4743
5650
6562
5472
7309
7460
2050
7151
5418
7236
4084
1520
2734
632
6905
464
6297
3513
2557
5480
2293
532
5987
26
3925
3066
3820
3162
2486
2346
1432
7416
5319
5322
2974
2397
727
7222
3312
757
1951
3500
4220
7352
5851
6420
6148
5022
926
1786
1013
4875
6696
7130
7048
6467
836
1835
2445
6524
438
841
3960
2449
264
1259
4342
1118
4631
4085
3637
5822
3652
3883
2737
750
7125
7094
466
1390
5575
4995
3218
2447
7059
3189
3196
4766
1945
6742
4381
1006
1723
1099
717
821
2988
5056
1085
5522
2485
7074
5314
930
6006
3777
2186
5949
6579
4269
6115
1626
4414
4036
6066
5052
4401
5931
1798
3930
3988
3933
3002
5081
5536
1087
3564
2028
4860
824
6318
5990
4487
6072
2675
5315
2105
3276
769
4605
6967
2673
1775
5227
2041
3001
3101
2695
5898
1040
1447
1907
987
929
1829
3408
4180
4685
3807
133
3155
1376
41
6926
1327
432
7402
731
3188
4268
6842
1948
751
4715
2009
3595
1406
5573
5954
1289
6044
6655
5714
5570
2962
3023
6666
4729
2700
3765
3358
3510
361
756
1736
2272
403
3111
6765
1205
7040
4234
5676
5079
2887
6208
2029
6462
2317
5064
6863
6419
4040
1369
1834
3693
2458
2762
7341
3354
452
6621
1649
1107
5245
954
924
350
5958
1950
152
1807
1488
5760
605
3947
2327
5174
1463
3235
2405
7155
87
6445
1267
565
6355
2750
2158
622
4659
400
1240
1197
1806
7103
6911
7137
2529
3103
3332
2371
7013
3613
6598
165
3854
3890
6257
4484
7110
1239
7247
107
2349
6475
1522
6672
976
5837
4353
7205
2906
4447
2718
306
2228
5793
6425
7474
3083
4411
5445
4082
3467
1247
4590
1678
4157
4306
7369
5612
3120
6849
2025
4867
866
515
6755
4303
507
7128
1404
3872
6356
510
5808
3199
2079
7018
6712
2559
2862
5810
4643
648
1401
105
4294
394
1964
1843
5330
2063
3742
129
124
2082
3848
4383
277
6919
4785
6959
4271
6834
2021
536
4134
2889
2768
2067
1980
5683
2810
3232
6583
7256
470
291
4953
4613
5750
4502
7310
4282
7326
3017
6070
7345
5558
7106
6273
3297
6469
3440
3174
6952
4083
5864
6499
3715
2366
5058
2265
2258
5257
7046
3134
2099
1639
6973
943
6883
4042
1226
2502
1499
1059
5693
3556
5950
2504
6592
7359
7303
7024
602
1306
7112
117
1958
6873
1860
7154
6037
3292
5007
2617
4067
1062
2239
4701
7463
5711
2271
6023
5390
6483
1302
870
2380
3224
6240
6021
851
1101
490
5420
3587
1901
6855
6135
1457
1014
1707
1683
2528
2251
6200
1765
3228
6646
442
1802
6996
4322
4618
2234
2676
4430
6299
3449
625
5175
823
3566
13
6028
4601
4598
5448
933
4206
3790
1594
7368
6092
3721
1069
5123
5388
3322
4270
5712
58
4926
6637
185
6738
311
5809
3201
6699
3131
1674
40
5601
455
6062
6685
349
2755
815
2803
6593
1491
4230
2177
1995
4840
3208
3444
2410
1628
5249
358
220
723
2343
2291
1606
1805
2827
5870
2457
740
5598
2840
292
3863
1841
5210
1991
5051
6920
3991
2496
6978
3285
5443
6697
4999
7365
795
1201
298
4039
7199
5632
208
3254
1814
4110
6993
4988
4629
1568
7149
2087
7308
4464
5076
805
2575
388
299
4239
2603
214
3525
1952
1629
6361
649
4782
6164
3249
5912
2939
1110
4319
3928
4443
6106
362
7476
4432
5813
1371
6745
448
4748
1385
5614
7049
7315
1329
7218
4946
1742
7451
503
1223
2634
7355
6635
237
4585
1822
2565
1986
3390
3778
6234
6987
2474
3294
6854
5658
7299
4744
5098
6395
6380
5295
3267
2385
3246
6349
6169
6090
6934
1291
6043
7363
3365
2581
4628
3268
1467
7230
678
5969
4186
3951
4928
2089
5316
6189
4810
1295
7156
715
449
4467
3170
5091
187
279
5652
6035
3177
1631
3389
2464
3157
3700
6026
6801
4890
3547
7136
4415
3316
7269
5648
3230
4942
6581
2359
4438
3099
5015
2311
4314
2352
4657
4516
5728
2231
4671
5053
1213
4237
5582
3469
4424
2284
5858
5242
4256
5354
3758
6401
6454
6789
6466
1053
6836
4802
303
4567
685
268
5085
6557
3008
3141
1316
752
4365
5970
1232
2065
7372
6837
5749
6104
153
2923
1714
3381
4371
453
6245
1216
5716
6997
2512
2621
6856
3367
6759
614
2740
6784
666
5001
2088
3546
6320
3190
6127
3864
4762
5792
3921
6112
4011
3345
3979
518
6807
1361
4784
5996
6576
4399
5649
1212
806
3616
3817
1032
1561
1959
4546
1356
5286
5375
2759
7248
4213
7373
6623
2156
2144
5794
5491
4797
6402
1243
2108
6278
6622
2814
697
1692
7346
665
5116
3238
7161
2300
7405
1686
3844
6202
7357
4667
3803
7020
6160
1437
5933
1511
1114
2325
4407
6346
2623
4943
3599
6727
5468
6992
167
6317
6243
3453
5030
1365
468
5827
6094
5687
1362
5709
7117
3379
3956
3493
2537
2178
6835
5744
4133
992
1123
5082
2216
2509
3003
7037
2288
3645
5833
4965
5338
1484
7395
2585
4360
6110
5588
4386
1975
569
1418
4405
2515
3874
5041
2227
5409
1846
3789
6561
7480
6573
7400
3812
3405
2521
465
3448
2184
624
7241
5374
2835
4053
7422
820
3310
910
5943
5470
179
5884
6840
5217
4217
628
4475
1500
6487
2329
3000
3661
5696
5077
3752
335
2096
1920
623
3524
6354
957
6554
3609
646
3521
3589
3482
6108
4452
6005
1270
1527
7144
6859
1771
787
1231
1020
1734
1428
4193
6384
6778
2478
7109
2391
4224
4043
2314
2981
1605
6311
7150
7335
4760
3388
3370
5255
6539
6393
1890
1940
2070
3415
6017
778
6689
4183
3039
5422
2211
679
2899
7224
6945
2392
5128
4340
2832
4783
3152
3842
456
2129
1493
3701
4851
3476
7381
2681
607
1873
5887
1297
5682
511
4205
1598
6788
1436
3380
283
4595
2441
197
2072
4063
6386
4889
1532
2511
7070
1677
1184
6390
5241
215
6866
2136
4937
2386
5738
564
420
7031
4187
3512
2653
4609
2842
2669
4984
176
408
2213
4982
4992
2412
3487
1943
2133
2110
4652
5047
2202
5440
7479
4845
4896
6736
7047
4480
3041
7409
4007
3459
693
4144
3984
4830
5621
5300
5695
1744
160
4720
6025
1838
882
1398
7084
2226
3658
5548
5275
4070
2886
735
1315
4761
1173
418
7351
5942
2726
2791
3597
2973
1368
1224
46
4209
313
5799
6614
5983
7191
6846
4310
3295
4031
3486
425
1011
162
2246
4012
2120
4115
2828
3617
5416
6144
6170
6432
3729
4149
2154
