2583
5396
3642
3063
846
472
2609
1174
6060
634
784
1774
7351
333
3840
6892
3675
3313
5152
975
7380
1601
5321
4828
3329
4739
13
1159
4215
7426
4650
2543
3463
6771
3928
6006
5665
5877
2816
1141
5255
862
3233
7444
5863
1822
5423
6527
4649
6007
5714
2263
353
609
2374
7285
4964
5957
1492
4768
5978
6377
274
5538
5308
5990
5840
3050
986
2035
2451
3867
3870
7392
3879
5458
5546
2911
2476
2688
7336
2590
1681
1644
2478
1453
6520
5678
5471
5781
4471
5784
1947
3489
7062
3156
2391
6354
271
5186
5098
236
1970
290
276
973
1621
1132
5848
6290
3618
6227
1326
4847
3261
5674
7333
4686
2470
4518
7233
2067
1488
5836
5094
1161
2197
4061
6730
54
5829
2888
5870
1783
2155
81
2863
4669
6228
4808
2212
7197
1732
6676
6265
6452
1748
4186
6498
7389
1474
3065
6310
2951
5078
3097
4360
4579
5748
2373
5953
1670
5595
5916
146
2230
3917
2999
1563
4428
7446
866
2084
6861
3279
1014
2679
6529
7395
4017
6813
6788
753
5802
1057
1195
6855
2612
1790
6996
595
6010
802
6994
2214
2320
5033
5176
4130
3678
3575
2282
5496
3845
2703
4959
130
2514
2295
2801
6359
5761
1092
2227
556
3692
4078
1569
4120
5403
2722
3817
5263
2109
5640
712
6645
125
6127
5879
4775
2204
5084
1367
6971
208
1953
2600
6303
6726
428
570
5970
3500
3688
6332
5488
84
2032
5281
4969
851
5168
2743
2421
1742
7371
4601
2564
7239
2078
5161
4795
3737
4166
6705
5373
3982
2210
7379
321
3144
3021
1436
3729
527
4029
4832
6065
2037
7181
4057
4288
4380
1490
6955
6365
4989
5121
1503
5507
5964
3903
1966
7033
4594
6125
849
910
2759
5668
5534
1788
7485
1388
3254
2691
502
5763
2998
3871
2468
5381
1679
1725
757
4658
6632
1295
2181
4112
4267
1977
4689
4606
6528
2990
3856
6530
791
4688
5596
5692
1628
4467
1102
750
240
4603
6505
3905
2843
2988
3357
4876
5291
7303
358
6018
5606
687
1154
1696
6842
2782
4648
4392
4035
6503
1285
6031
2136
2027
767
4003
2868
3294
4826
3171
5107
4027
5130
4461
6054
6179
3652
1019
2766
7122
3146
3563
5108
441
7324
3276
5348
2526
160
6046
4412
4812
1575
92
1646
2939
1401
2371
2836
2346
6164
2695
583
4219
336
3669
5548
7025
591
5968
1386
5347
549
909
5214
2058
974
196
2469
474
6188
6599
835
4929
5536
1336
3799
2667
6117
7357
4783
4011
645
4022
4073
729
3170
4304
1514
1599
5709
3179
3380
2608
6029
2659
3095
4573
2324
1412
7209
6581
4735
7356
2580
7325
5937
7417
6711
2594
5237
2754
4211
3882
2211
4856
6582
1713
1229
7155
4474
5391
7429
4631
5717
748
267
6885
1768
1114
5649
2732
4611
3995
2918
1406
134
4806
6874
6701
7422
3779
2502
4155
6157
7277
99
1308
2311
2921
6323
632
2055
3970
5680
1324
5221
2711
6790
5210
5768
2935
3096
2161
7472
46
7252
2121
5069
3377
2582
488
7415
6130
2359
4620
5023
6081
2619
2431
3009
908
1211
967
7488
5131
6748
6181
1501
265
6647
3052
724
6437
526
7383
6854
1243
1544
1202
6408
350
6755
2341
1703
3435
6596
3493
1520
3708
6170
854
6085
7362
4884
5980
5745
827
5589
6914
5622
2894
4336
4804
3595
4488
148
5656
6516
2314
6212
104
6824
2375
175
611
2185
6959
3057
1925
6930
3855
3569
5191
1442
2331
2372
234
5438
6144
3773
6608
1221
1058
5114
2386
275
4965
7035
1138
438
223
5659
1254
4295
5671
121
4256
4802
4510
5951
3223
6446
6965
1307
2033
4690
4210
5376
4674
2648
85
1059
114
3387
7288
1083
2987
597
3539
5604
4117
6249
702
1354
1647
2179
1277
6822
4408
1944
6139
241
2422
7189
3820
1120
4344
4486
3646
231
7003
2048
930
4386
3766
2213
5202
4736
801
3346
5617
5354
906
1691
3574
7301
1876
3509
3255
243
857
1835
4278
2845
600
4897
3558
6688
7204
2209
635
1333
368
5755
3904
7217
2488
960
1861
5842
3086
3253
3661
1054
6072
844
3523
6339
747
951
2036
7461
4062
1242
6176
4840
1165
4100
382
5531
6488
4198
47
3902
3127
7042
1823
2838
4325
6040
5690
6749
4945
2517
5793
1185
5508
3080
1024
5500
4807
7253
2119
5319
641
605
7439
4918
5100
7467
621
2525
6638
7128
4784
444
1624
2459
5828
3972
746
133
923
7355
4034
7041
3580
5109
2102
34
5624
3648
569
4138
4334
3200
6499
989
1530
2733
2131
4888
5148
5145
2796
6792
3210
2452
6846
4292
4097
2144
1385
3204
105
4500
4414
6781
4458
2379
2491
1951
5803
6837
3394
2560
880
5841
6926
3470
5779
5317
4776
3012
856
1428
7295
4405
2981
4050
1413
2606
2242
6906
3263
6061
2395
2933
2164
1572
4339
7279
4277
4107
6758
1209
1233
1537
142
5641
1351
3956
542
2284
6461
6053
5985
1046
6707
3339
5010
3476
5715
690
845
4497
3546
5097
2601
2367
1819
74
2498
5553
2347
6871
6869
6330
2812
1932
742
2063
1186
5792
4074
3926
961
6063
2439
5521
2567
5111
7254
4899
3051
439
3713
5608
5309
6210
1561
749
5338
3683
6202
1525
1372
5022
3017
3768
2677
1404
228
3647
6236
834
5601
3206
3216
63
5819
2021
1968
4391
7452
2407
7012
681
3406
6300
4889
4310
1438
4000
2272
2001
5216
2522
3527
3291
7274
5880
3479
2581
6217
6510
2404
3211
1196
565
5859
3577
6247
2264
7117
3671
3244
3392
100
1203
5007
2805
4337
5685
5598
1566
4125
3248
6881
4116
5219
6208
5378
383
3955
7156
1592
3961
2115
5455
1076
1342
3922
648
2232
495
1399
6450
7396
4585
6590
2655
2173
1418
3584
1877
460
2160
4583
165
3060
4086
7001
3862
1812
3810
6649
2751
4851
4161
5217
3194
3757
4801
1112
2299
3431
698
7483
4986
3938
5918
3849
6211
6116
782
7385
4136
6124
6002
2834
2334
3135
7388
261
7366
7321
6132
6256
7135
674
3137
3684
3794
6076
6918
6614
4730
1745
2250
2405
2200
3024
3704
1849
1198
5491
5610
3689
3786
7203
4394
7337
6593
440
1531
2631
6084
5702
2153
6526
6037
5339
3472
533
4753
348
2653
2792
7023
3712
4109
6916
6297
6773
3852
6218
1408
2342
4348
269
5252
3533
1817
1407
5414
1048
1604
6648
123
6613
6969
5740
365
2573
1239
4546
2676
4535
419
2258
7354
411
640
4779
5460
6891
6548
4434
7098
5782
4571
2842
5749
192
3775
4363
3112
1666
5741
3031
6816
1534
5115
4298
1722
4246
4377
17
6460
6226
6458
3985
7463
1060
6946
1080
4470
1260
1208
7261
7434
4612
2649
1616
936
5051
7101
5350
2749
4329
5041
2172
6120
6493
4525
2052
5737
4547
7369
1999
1781
3535
5372
2402
6363
6442
6057
4307
4048
5457
6431
4365
5625
2231
1041
151
7162
7069
7322
7310
1549
7346
2915
3391
215
5725
3403
5662
3002
4265
6449
5778
456
1841
867
1785
1818
4871
662
6441
3003
3812
1695
491
326
4192
1737
1169
5955
7049
1540
1630
2419
6151
4349
2069
1139
4289
3914
806
3589
2381
6574
3980
4841
4465
7440
4946
3266
110
5929
3816
221
2737
847
5456
4815
547
6344
863
903
1815
5337
7111
39
180
7315
5844
469
4156
3503
7036
3450
3250
3628
3891
436
1393
2636
4042
2780
6138
2018
2658
3699
1821
3092
3286
374
7238
6882
5251
89
1431
598
6250
1979
5426
2962
1027
2757
2010
7236
161
6048
3655
6337
5520
3205
4717
471
4978
1479
3202
1331
3218
5418
4996
5173
2714
5287
2541
4268
4270
5117
1512
5279
2082
6145
3466
7269
4904
5503
5505
524
1699
3195
941
5973
5262
1448
113
2622
3282
6687
4207
3420
2351
2593
4273
2786
7386
5945
1941
1290
4624
3010
5758
6153
3859
6161
5532
1994
6462
5952
308
1390
3342
458
3556
7358
3953
2950
4188
7305
6609
5586
2908
2482
6477
2972
1895
3908
5276
6438
1074
5452
7478
4143
1098
568
6165
1360
626
6427
4220
4845
1690
1706
286
2287
6550
6087
6738
152
7370
4069
1109
5397
3941
1638
3499
4099
6601
2954
3986
1576
1902
1677
4181
3586
7328
2362
985
945
3548
4644
4284
3536
3032
1380
6635
6622
5584
2316
2588
7271
1353
1675
4646
855
378
461
4589
3920
7399
184
6033
2398
1859
316
6416
93
6107
6001
5011
3526
2938
7120
7022
4085
2012
2719
7083
699
402
822
7090
426
3597
6502
5663
6241
6321
1079
3653
4954
3519
1702
4272
2530
5175
538
6106
5239
119
7428
335
3460
3763
1574
4524
2637
764
5056
6549
6373
2774
1580
3145
3104
2128
4315
4241
1794
4750
7205
7191
5661
1003
360
7436
7270
3696
3429
5072
4264
4327
2633
3962
3718
1423
4064
5280
1400
3762
2113
1608
2504
1917
3697
3117
2356
6600
5796
2492
2215
6847
2783
4577
3268
6988
5274
785
2500
1613
4673
5936
3827
3101
5128
7335
5015
147
5515
5151
2120
4529
2162
6977
5732
3963
813
7471
52
6803
2333
5652
2825
6531
3512
3517
1764
3416
6983
3806
3075
5412
2348
3839
691
1339
2847
561
1197
2198
6829
5924
2861
2387
5795
6129
3520
3561
2487
948
4591
3802
2390
4439
5813
777
6271
3461
5771
2640
6166
4095
628
796
1338
3123
3069
3858
2603
2562
4667
370
7066
5360
1969
4189
1874
2089
3222
1588
5429
1257
589
3367
1258
5394
3025
2944
3344
4191
4480
5673
571
4145
895
6791
257
5959
4616
7032
2388
4091
3134
3889
3543
4450
5292
3629
1361
6304
6702
6430
6400
4080
6032
4299
6862
3501
1926
4607
3662
2450
1072
1507
1539
3332
6547
2903
5112
1429
6910
4799
1727
107
4494
5024
7026
1700
4493
3208
5499
5366
1029
3229
3619
1446
5832
4230
1836
1189
6289
7424
4548
4279
1844
7287
1825
6893
4133
1505
7317
2555
6214
4935
154
3750
5574
3415
7140
3398
6169
6902
3886
7143
3162
6447
2959
2176
6719
6636
5583
3265
667
5195
1806
5914
5268
2325
819
2596
4263
3789
2436
1355
5913
1978
3530
3385
1631
7226
435
7304
1641
6219
431
1791
6077
1558
5300
4430
890
5345
2345
661
5511
6658
4177
1316
4681
614
6039
3240
773
4411
1766
2072
3011
883
5065
2216
2779
4662
6298
2946
7208
4975
5915
3049
4703
6118
6802
7344
319
3702
5992
2049
7169
1147
5697
3411
2781
256
3672
6128
3588
6751
1007
2753
2880
5285
5301
3168
6414
2406
1637
5449
5447
1986
3350
4727
6506
7456
1078
1251
3454
1137
3464
6189
3866
976
1912
1945
3302
3602
5683
2883
6299
5809
4459
5306
7046
5926
564
2893
1793
5932
5925
4015
5567
658
878
881
6261
4229
2444
3219
581
4033
4016
3148
1348
1554
4142
795
2674
4496
5430
5228
5657
489
1857
5876
6156
3077
7464
2886
2993
6541
3318
7286
7099
4737
6928
3174
4652
1605
3847
2902
727
677
3226
2721
6968
5067
6347
3566
6589
1447
5286
387
637
2668
311
4872
6135
4466
4147
3309
4385
4726
2321
4262
4568
3114
5896
199
7413
1366
3894
1166
5638
3407
1717
2741
5061
2604
6467
5326
4004
943
5944
7466
7109
3106
1411
4570
1632
262
2017
1217
4066
5864
3625
5165
5630
1468
3423
136
454
4956
6780
2647
115
3780
2285
1009
901
1345
6224
4379
3306
1
933
4949
689
3495
3314
4168
1414
4796
7002
1577
7465
2602
3401
4172
4511
60
1870
532
1146
6140
224
6262
7387
3280
2317
347
487
4335
4891
6524
2169
5897
3944
584
3439
255
6122
6196
3850
4695
71
6739
6220
6759
7024
282
5699
5605
2673
1111
2396
2079
4457
6684
1884
2660
4137
5481
4356
5645
5368
465
3110
4907
567
865
2510
205
230
520
4788
6324
7377
4290
5849
5370
2960
2029
2061
1694
994
7418
4716
6634
6180
899
3734
5550
711
4115
858
2625
1183
824
1199
318
2982
6872
4902
263
4622
4955
4513
2917
3029
4036
3285
501
2481
2024
3532
6013
1494
3379
209
3356
3287
2846
1281
3599
6562
6545
6922
1660
3384
4341
7030
2156
2704
4140
5696
5087
5871
1358
7400
4088
5733
1032
5718
6015
673
3151
6322
6779
5664
613
5293
4693
652
2224
1940
222
173
6133
2941
4609
563
58
6812
2746
5045
2171
2989
3645
2841
1612
1792
340
6853
6587
5392
98
977
4791
5838
6970
4075
2790
4895
3636
833
519
1767
3864
4318
1296
3918
716
3752
1928
26
2426
4487
2091
3969
1435
4668
5273
6830
6409
4111
5265
1684
1140
3121
505
7153
6573
3369
6532
153
550
2195
4049
3828
3676
1194
1964
2352
6665
1862
525
2477
4630
3945
6091
2432
2253
1830
2219
3180
317
4071
314
3465
6542
432
6991
1439
6195
6465
5787
4755
5991
5609
285
1692
2896
1037
6183
4805
5923
5282
5648
6082
4082
7230
779
1816
2267
5899
1946
6078
1541
4345
4654
830
6556
3212
3582
735
137
511
2461
6112
7074
7193
984
2473
6952
3631
1733
2137
4410
4619
6009
6964
5780
4
1619
5018
5559
2313
2337
1234
4420
3967
7065
2193
5352
2166
6314
1585
1119
6233
1287
179
2927
4247
6818
3654
5908
7216
978
385
7468
414
2563
5046
6294
837
5484
404
3374
4475
3251
4655
6424
4081
7171
2639
6941
926
5875
5049
7316
2308
4521
2208
2013
2277
1758
6794
2238
6831
665
4438
4967
741
5000
6270
5436
5204
2740
6708
1226
4437
2486
3362
6382
4131
1421
5341
6475
4479
7484
4558
1668
5700
2135
2236
6745
1676
3943
4233
5030
270
7150
6222
2626
6703
1850
4983
1090
5594
167
6513
2828
5464
3305
1620
932
6496
1521
5482
1343
6041
2909
4559
5506
5159
4371
2533
3553
5311
6393
3442
1805
1227
4178
5119
2254
3700
5060
7458
2196
6172
5637
2474
6035
5085
3893
3994
2769
277
4351
4361
3809
1770
1214
7447
4321
6808
1426
1084
4979
678
1145
3940
1266
3531
5386
5676
1975
2252
918
1656
3299
423
2330
6515
1840
6931
1744
5615
5380
2799
4079
4943
5327
5861
325
636
7411
3467
2750
1177
2724
771
4023
7092
7091
2456
6071
4460
1222
4864
2225
5579
4931
6080
156
3183
4031
4132
1565
289
4999
1914
5517
3044
312
686
1328
3993
5948
86
4013
7202
1693
642
620
2826
5556
4539
3587
3124
1394
3612
619
70
818
2702
5250
4527
5931
7289
3177
5155
7480
5974
6741
5395
7353
4087
4378
3754
6472
5365
1930
5557
1933
1230
3441
7081
6718
5519
5073
4879
7073
6026
6073
6942
2864
2900
6627
5208
2738
870
2364
4376
7404
4076
7067
5881
5855
481
3835
2447
2642
1279
6838
3258
6533
10
1729
4375
1998
6982
1851
5034
2713
5253
654
5495
6346
2548
1652
7401
211
5597
859
6999
6774
2472
5693
5565
6375
2599
451
6417
5435
1589
2742
2298
1500
6679
5427
4859
7227
3338
4848
5691
776
5904
5866
982
5174
7459
2755
482
1346
2243
5642
2949
2296
2286
2794
2920
6407
5993
5783
4026
2039
1948
5672
6943
2401
2744
5562
7283
675
5898
551
6345
7375
4638
955
1634
1593
4626
1292
1897
4595
3808
4122
2190
5632
3471
4055
6155
1452
3598
3829
3082
4492
4554
3098
4723
2074
2489
6479
6386
2158
6343
4508
5137
4146
5502
4937
5374
4932
55
6319
2729
372
3122
5580
5201
5415
3443
7183
5512
5949
1008
2976
6938
5089
2247
3719
2030
1030
6325
7116
2271
5907
6742
7063
6898
2318
4338
668
5064
5981
3165
2143
5845
6500
4533
4919
5004
2118
7071
3885
4924
3175
623
3270
4642
4228
3410
6209
5889
3843
344
3515
1306
3947
5504
1776
607
7300
477
3239
1416
6727
5132
6103
3639
305
4528
5547
4426
4084
6272
6821
4732
4756
6425
3877
5184
1636
4464
4764
1116
3264
2684
5026
4893
4293
5679
4540
6062
1231
7278
6686
6287
168
2246
2875
6203
479
911
817
2340
2394
1397
2412
3959
6698
5629
1519
6264
5486
2223
599
2569
3788
5721
4992
6320
1282
3093
5150
4963
3772
6178
5476
4482
3930
5243
5493
6474
2494
586
1280
4903
6752
149
2019
3873
5873
3841
4519
5729
4065
2376
2966
2839
3036
6255
7423
6317
2070
4536
624
2692
4056
2701
1269
3182
3487
5566
6820
4280
3874
2879
1031
1939
7219
1482
4118
5927
2803
2700
3680
6356
5551
6873
6115
6845
2174
4090
2329
5618
5031
4208
2380
4333
3916
7407
1527
3649
6401
4913
3058
3018
3289
2417
2559
1381
7213
914
6974
2694
2804
5941
129
3749
66
6445
5774
787
5501
6336
971
1350
2884
2643
811
5599
6204
2016
704
7432
618
2878
3477
1370
4282
2890
4696
4597
5092
3664
5019
7133
6175
5726
3522
4988
6929
204
4632
486
6778
2389
1509
2304
6444
3991
6924
1440
7037
2620
3445
531
869
6355
5835
7198
2787
4713
3474
6268
6216
6186
4700
6664
159
6296
2434
6069
6478
5759
4083
2266
171
5827
840
6328
4390
1669
793
2657
6875
2151
7199
7004
5920
4473
4522
5177
4152
1095
6784
1298
1117
1264
1245
6782
2551
3650
5231
965
7029
364
5935
7126
3701
5490
2319
2240
4785
6913
4180
3998
4520
5983
6641
3897
5687
6552
3657
5156
606
4549
2191
5852
7054
1150
6348
212
2051
5247
4928
7308
4890
5079
3427
3736
3912
5154
4927
5731
5720
1524
2397
3751
4610
3107
2
4680
917
417
3822
6187
3511
5869
5063
1297
6700
728
4743
7014
3604
2050
694
1486
1136
4413
6507
1163
2617
1044
2101
957
5607
4813
166
5582
6434
7284
5514
2139
3777
1184
6852
4154
5349
6864
7360
507
1587
5215
2571
1626
3448
6710
6221
1462
1248
3968
1795
4395
2800
7061
3343
4020
3271
3088
1190
4894
5446
4308
5705
5694
6598
6099
4659
5698
1759
4760
1556
1377
1220
1880
4566
3637
5160
1156
2040
5887
3262
2425
1709
2889
2130
7405
2572
5894
4184
3658
5739
3909
4355
6486
6248
3440
7361
7124
1867
4883
2005
1286
3782
5639
4312
3824
3190
2100
2739
7412
1099
3296
798
2086
415
5032
2534
6016
2096
7058
4244
6859
5047
5090
4495
4940
1678
1852
4777
188
4704
3677
359
4314
5009
3001
5738
1473
5839
1483
1871
3303
4121
7031
3623
2977
2663
4028
3990
4523
6569
4126
6357
4442
4640
3776
789
7161
1323
4455
1148
1256
5543
4898
6934
4560
3006
5331
2531
5808
3315
50
7132
6563
6206
3880
3103
1741
553
5153
6644
6729
1130
3974
218
4608
3482
2857
3915
4914
4105
548
6036
5895
1325
6615
3720
3166
5943
2623
3975
679
521
655
4706
5977
6512
2322
2146
5207
2095
659
745
2516
761
2565
5241
258
2833
1545
390
1142
447
15
3393
7103
2664
577
1034
3462
6932
7427
354
4881
5769
1891
5857
6935
5867
7160
190
3455
4825
6714
4551
5794
4974
4044
996
2686
4939
6283
1011
3957
7410
5328
3277
5850
4645
1523
6361
4274
1204
1568
4313
5233
7474
3040
5568
2614
2807
6879
2437
2025
3483
5742
6712
4052
4854
259
1313
5086
3868
871
7448
11
83
4291
7257
6485
6308
1020
6594
278
5242
3432
4249
3759
6737
4550
6083
3745
43
3929
1042
7165
1908
7249
644
2587
2457
7086
2034
1487
1417
5431
814
5290
5892
5364
1685
139
214
2339
1065
6342
3607
5129
1910
194
7007
1253
1804
3469
839
1191
2906
1330
3019
4179
5938
4370
373
6318
4287
6753
5644
4383
300
6734
4294
2952
4687
578
4453
4604
1787
4980
5136
7297
4953
443
1582
2140
5244
7372
2002
7343
5494
6177
1896
3105
2081
4206
4108
7319
1868
6760
2507
4900
3161
6251
5788
6027
6578
346
1193
5267
2932
7302
1935
5523
6706
2503
1178
23
1293
2332
3068
7068
3113
4749
2416
25
660
612
6961
1799
1866
391
889
6720
2535
4627
5821
7052
6471
6014
987
5631
1597
5006
6292
1667
313
5563
6832
1497
3486
4517
3089
3694
48
3790
6650
3026
2615
4677
3116
3977
2984
799
5689
2092
6990
4982
3099
4855
5387
905
962
2429
416
1402
6844
1066
2829
2745
4605
5585
685
5814
6405
5303
164
7085
7228
5900
27
3491
7224
1249
1564
4966
3570
445
2279
2872
4598
7166
6313
5166
1088
388
3911
386
412
3875
5058
5256
2666
3819
7070
7408
5824
1101
1118
1552
4429
143
3883
4301
5106
6750
233
6440
1751
2175
499
288
1321
7329
6786
3241
931
954
1654
1786
1516
4896
2765
4388
4199
4887
1237
1583
5140
3632
2471
6903
4448
2462
2670
2978
6667
7221
1002
3388
3424
2983
656
202
2575
2393
4144
5095
5962
1434
5232
781
6028
5509
3771
7212
2187
6839
5409
5225
5082
4625
177
1883
2056
4653
6643
2675
6985
6775
7367
1341
4454
3687
2112
3557
5529
405
5351
6572
7223
475
2856
7267
3581
5526
540
6457
4762
5577
7350
669
3573
462
3609
4675
2591
3833
4651
3238
6275
3035
6894
2186
4297
77
4372
4483
4798
363
6691
1893
1736
2237
3933
1334
293
7376
4769
3324
6747
4183
2521
3413
1898
68
49
36
6654
1432
7345
5905
6984
2460
7093
2810
3169
6244
3
6957
5238
1274
6933
3550
4602
2000
4916
6338
4070
6311
6278
3496
5278
1375
1881
2041
5057
603
4556
5681
5288
3844
6012
4053
2850
3064
5312
4882
103
3691
3748
6680
966
5164
1882
2760
3071
7107
1315
5830
309
2157
3160
4908
2260
220
268
7152
2818
7006
732
2097
6683
2008
991
3663
5965
7094
5805
5346
75
733
6285
4885
1471
2586
5468
3034
778
2490
6454
1478
4364
229
4971
913
191
6699
1001
7043
1533
5133
3370
3555
4993
1470
6008
1958
3592
3447
2882
4590
4543
6621
4068
2848
1845
5325
4041
821
88
2897
5003
6173
3732
4712
6925
5039
4102
953
5800
157
4151
6978
3159
2798
5393
1000
4218
5995
999
4572
7320
6093
5143
610
3290
5688
3189
6146
4381
808
4399
3094
2578
3417
6805
120
6694
5008
5472
3791
2961
3390
5451
723
7168
5206
1680
2910
6888
5200
6064
2544
5127
6537
4113
4793
5554
3364
116
703
4867
6777
2777
3540
4810
6092
1152
1813
5480
3942
2844
1671
6378
7130
5777
7047
7469
3405
2068
7421
3560
1167
1642
4516
5422
1127
4446
399
3355
6194
7009
6024
3074
5298
1268
7034
3857
2963
7027
3308
6411
6629
2734
1782
1489
3404
6074
1128
80
4647
7018
4998
5489
4843
752
5707
1135
3193
3459
5407
3685
45
4254
2148
1633
6682
5497
7384
331
5246
195
3895
2994
3436
1712
6825
1010
3608
4253
2922
2974
947
4134
5179
3181
3783
928
5785
406
207
3884
2706
4676
2717
4422
891
722
1244
7196
1658
1997
3611
1047
5712
5831
3846
2413
5823
3372
3703
3349
1023
2513
2291
2665
3781
4692
1143
2256
7299
5294
2147
3614
3153
979
6557
245
1224
4324
582
355
5283
6402
4821
7381
2098
3227
1477
6143
4148
6951
1590
5704
7403
6611
7242
2656
2064
4159
1309
7365
3396
6340
6051
1934
4578
5313
6291
94
3220
4615
4397
3958
2611
1899
3000
4950
141
6966
6956
1705
7266
992
7138
7055
3138
1607
639
242
5080
3083
1278
4541
2159
5269
4534
6047
7352
1777
2820
2539
4977
7256
6523
6610
6767
4472
4641
809
5275
1455
466
2307
2761
539
73
2661
2568
6126
4526
972
3221
5564
5561
4248
2126
5527
1856
1475
3896
3585
1035
1959
4416
1364
6606
3203
3081
5730
28
5377
1688
3578
3764
1005
1586
6833
2206
5703
684
4820
452
6722
5478
1344
3128
4555
6535
1175
4238
6273
1778
3952
3538
1170
6904
1107
3045
6693
6385
5040
5118
6190
3610
6724
3984
1465
57
5634
7096
6191
4234
938
2621
1886
6044
429
4275
4917
868
2023
6716
4672
2270
2644
5235
5158
731
1686
7080
1382
4305
5322
5466
5487
310
5822
279
2235
6045
3120
4734
5684
4754
5229
1188
3038
5706
3321
7045
6889
4239
3936
1445
2357
1273
5847
4173
4842
1395
6761
6352
6841
51
5528
1210
816
213
14
3158
6539
1335
6456
937
2797
4773
3155
1913
6383
2830
5807
3727
5334
3978
5958
2928
7307
860
6908
1798
7311
2385
6980
4530
4347
1427
4417
4260
3514
6476
1299
6316
2930
5966
449
5124
5068
585
4489
3458
4800
1711
1757
3400
6884
2907
1911
1991
2392
2916
4103
6428
1491
4316
6246
1458
1383
4214
6021
6350
2808
6577
2527
3826
3016
4257
3152
4387
3087
2646
6159
3322
5013
7282
273
2985
6571
536
2222
4698
7318
3765
4481
5194
2302
1779
6728
4923
1121
2415
6432
2114
7056
5934
2446
4135
786
6850
3453
3965
1735
7280
590
4421
4114
627
2445
1760
246
5096
3055
1614
6652
2793
7442
303
5560
7186
4243
513
6371
904
2605
4021
5812
1918
4699
4580
6815
2440
1115
2077
3913
850
5485
3834
2718
4767
2914
1241
6725
6038
4811
2259
6668
1755
6468
377
1476
1303
4997
545
1025
3979
6799
919
2913
7195
4728
3078
5890
6473
6167
6253
3288
3284
3987
4614
7241
6043
5102
6764
4242
2006
1481
1860
3659
2942
219
193
1368
6763
4930
3351
744
894
5756
6242
1796
3919
4765
535
2420
4985
828
2710
5650
2968
6123
3297
1206
6162
1173
2557
3363
7172
5660
6584
3143
4006
5979
1207
708
38
3091
4671
6640
762
1993
5157
5530
3004
6900
4933
4666
3946
5917
7281
4538
4127
1449
5818
1617
4593
1498
4506
3579
670
6801
7159
1538
1906
3452
2145
4501
5982
3740
566
2303
6245
109
4962
6372
3468
2809
4435
4393
2624
3373
6986
2093
5404
841
4201
2182
3590
3516
1954
5185
1369
361
5289
4014
2244
3130
1704
3728
3358
5315
4193
4354
1661
5940
5713
935
1938
1104
4911
7449
6690
4575
3716
4436
2475
6198
6492
2075
4759
3534
797
3901
4045
3492
6909
5316
7398
3836
4098
3842
7309
6397
2552
2124
4431
990
1761
2936
1396
929
5860
5961
6137
2699
3785
766
5858
7453
2748
6142
2117
131
7263
4404
3518
6096
6789
3679
6049
6435
5541
7185
1518
232
6948
2723
4463
508
498
403
7245
3256
5012
1443
3949
6003
4250
2201
5257
7190
3510
6675
6042
6201
5469
4398
5811
6148
3695
666
5764
682
5359
7146
424
774
6102
1087
4757
1288
2453
1635
6160
5138
4425
5539
1085
1743
3760
4286
6276
4922
2964
7487
6067
5874
2403
6282
4544
5
4866
2020
2901
5865
41
3686
3475
2133
7235
6555
2283
1081
6923
7180
2107
97
2822
7050
1982
6992
7409
1591
1655
959
4738
7175
2549
7187
7119
4255
1551
3562
3013
1810
7144
1905
463
956
135
5410
5416
2540
5799
1963
2463
7378
5616
7164
1384
6669
5356
4947
755
6723
2992
7079
1332
5390
768
2806
5922
2046
2104
5324
1762
330
339
1907
4789
5716
719
4880
307
1093
4942
3881
5513
235
2815
2278
1216
7163
5790
6020
2418
4656
3176
6886
2183
1555
1349
5053
5120
6583
3005
5872
2088
5357
2129
2645
95
4165
3505
3023
4714
3502
1962
2536
6806
3421
2529
7340
504
7020
4054
3572
3605
328
162
5885
902
2188
6136
2152
6055
688
5806
2408
514
3547
7251
5475
249
299
2618
3626
124
7290
4176
5623
2294
1581
7039
6525
3825
1858
78
4790
4164
4809
40
3832
1827
1784
3743
4725
2678
264
117
3554
5307
401
327
7264
6772
155
3275
888
7348
790
5398
6380
4663
6489
2071
1415
3996
981
4197
6390
4261
7108
4281
3861
6540
2870
5492
3693
2184
1800
5123
3039
284
4822
1832
4498
1049
788
5189
5773
5998
2545
5110
6617
3140
6863
3721
4441
572
5786
517
5333
2881
4124
7373
760
1493
254
5552
1187
5295
1410
2110
4574
6576
1062
5498
1651
16
7470
6713
5653
3707
4346
4702
5408
2577
5611
4469
1252
6580
4185
2953
2189
6415
1974
6108
2638
351
2720
534
2584
5260
3665
5708
367
3260
2154
6880
7028
2967
5612
6279
721
5261
3304
6851
4629
5603
1837
356
7
6469
6104
1420
4839
4861
2570
8
6395
7088
2410
1454
7391
5834
3028
3213
3821
4456
4092
2832
4217
2574
2165
5746
3529
7017
2853
7082
5304
6936
457
6897
843
2641
4823
4746
3027
2054
5727
408
2233
1496
4072
4106
3337
2053
2435
2288
6514
5956
1606
483
1853
7077
3576
371
1311
1437
6765
7262
5815
126
5139
1106
7341
3854
2293
7173
1405
3792
2986
5753
5635
1289
1734
2335
3428
4563
3191
5675
2344
480
1972
7231
5172
6989
2860
3345
1504
2343
4009
2106
2369
210
2065
3494
1004
2220
3316
3126
1149
4838
2895
1990
7445
2382
1687
3328
29
6269
6017
5524
546
1546
6391
5146
5213
2361
5076
3188
3888
2823
6560
1802
3196
2945
170
2358
1721
6463
6843
5474
6678
6406
1322
5994
2776
7075
1885
3061
6364
6756
1811
6225
2226
516
4001
2428
1942
6004
6295
6633
6731
397
5976
530
4158
2011
2537
1236
7013
6834
1347
2869
3698
820
7437
5954
6807
6870
5677
693
3705
3066
6653
2867
3907
3381
1314
7087
1662
5825
2297
3830
425
5542
2370
893
3837
3741
6865
6232
3320
7129
6559
4424
4025
1064
5363
3157
3999
912
3673
512
4731
1075
4991
3887
1495
6366
7177
2497
2762
4733
1623
6238
2194
715
4751
1927
7298
2378
2773
829
7148
6504
2044
1532
2802
7390
2085
5323
1466
6098
4532
2831
7232
696
4584
4715
5856
5724
3259
6768
5245
554
920
6254
1873
5886
4331
6154
763
7176
1228
3997
6592
1771
5747
3056
2363
3935
3133
3488
6651
7167
6534
1162
7339
1433
1560
6657
1708
5240
6628
528
3528
6685
4970
5021
2455
6819
3386
3269
3831
3744
1547
2262
671
6757
915
2141
5035
2170
366
6335
5417
692
2269
4771
6419
5587
6661
1176
132
6410
4245
2891
3593
6171
5752
4358
2326
2707
1291
3601
510
1952
409
3102
7040
467
3568
2518
7141
5389
573
1843
1683
6568
3139
4710
7206
2824
1040
4708
7486
5628
283
1937
4599
5658
5433
2099
4780
3865
5440
596
6368
4567
1892
7211
7276
7334
7139
2116
2327
3395
6907
1430
6426
4468
2289
3412
7053
1168
1611
3739
2538
1123
4187
4709
6646
5810
4019
4562
958
1219
772
601
2349
6944
1553
6536
1126
3753
968
5666
6030
6394
1129
2377
2430
6915
1155
6141
6464
4203
4952
2715
4008
7246
226
2108
6288
683
1157
896
2360
7332
1480
3656
5099
3141
3813
725
178
739
646
1707
410
1320
952
380
2851
4941
3340
6349
4707
3359
6721
1213
5336
96
4742
4960
302
2627
200
7214
6501
2399
3115
5036
4909
2038
5621
6379
5305
4038
1627
3690
252
6743
4269
5999
6259
1113
4600
6011
1499
6553
4400
294
5134
6998
7479
6973
7293
4157
6448
6315
329
6958
5445
5188
3863
2876
3989
4010
4077
1515
2735
1995
6223
2926
5077
792
1916
4901
897
3246
6185
2899
579
3054
4778
1012
5882
4491
4350
6566
2031
6079
7064
2708
4040
5884
1502
5198
2712
2192
1144
3524
4415
949
1192
6927
5055
1392
924
7200
2449
1603
1017
1809
6623
5016
7110
6736
5592
3988
1715
5332
4987
106
1772
352
1855
7476
3971
6962
7215
4236
2817
2221
3230
836
3300
7237
4030
3571
5775
111
3197
2495
1943
4043
4353
169
5854
5459
4772
5402
1901
6565
5510
2635
2414
7489
3770
3960
3007
4633
3774
4569
5091
1096
4317
1374
5052
1131
2280
7374
260
6681
5375
1996
1672
2368
4849
651
4741
7145
3966
128
506
5893
7323
1559
2441
381
4002
7314
1006
3389
2669
5248
6631
3267
5432
1747
5367
5816
1089
4477
4418
2969
7443
4216
6274
2874
4306
2505
4258
3925
5420
3620
4829
1789
2814
848
898
3758
6089
3815
2493
468
3186
1697
4868
5450
5833
3667
7100
5743
3327
3335
4389
6056
3341
5020
4781
2547
4223
6022
4182
1472
2680
2015
2207
5910
1200
5411
6945
3951
3767
939
430
2218
6023
7044
20
1529
6329
5369
3434
7273
4322
5518
617
6671
4212
6787
663
6412
3635
4123
1451
3173
3793
1949
7473
1797
3274
3237
4685
3733
2300
6453
643
5765
5911
3627
2454
6607
4852
4995
1828
3504
769
1584
6817
1056
2681
4679
291
2003
4478
4816
65
6695
6754
2550
2610
3709
706
2948
7207
6659
927
5862
4171
2479
5571
5362
7441
197
5101
5473
2234
2997
118
5928
7338
1698
5042
3232
4582
5760
72
1067
2007
3552
4853
6281
183
2996
3163
6960
5939
2076
638
7158
7121
629
3457
398
5902
4665
3046
2764
4303
3079
3668
2775
5798
4758
3681
287
3964
1359
756
5211
3542
3062
4512
7104
6200
4237
4792
1444
7431
31
2758
6603
6717
2566
5750
2726
7038
7430
6481
281
3723
2281
345
3927
2248
5901
7084
6715
2134
6421
5266
4476
108
6110
3878
5593
2123
4366
4637
64
7475
7218
1255
1579
3037
2628
6490
6519
1068
2466
6192
6920
559
5171
421
7259
1247
5379
4786
4951
1967
1485
5135
216
2763
5751
1235
4328
6858
5296
2528
6887
4046
2652
176
1461
3292
6433
4678
6588
3603
3228
7255
6518
1596
6404
3361
5162
4343
842
6392
2736
3224
754
3067
3214
2696
864
4499
3076
5314
4271
6840
3419
5883
5540
4163
5470
783
3900
4657
6068
4537
1223
3348
1091
2400
2697
5613
6327
5868
1053
4694
1689
4419
5220
7008
4618
3973
6398
1050
7368
4870
3559
5591
3247
892
1754
1739
4407
158
770
2411
4285
357
1984
3735
3129
4309
2819
3804
6086
1036
1920
4225
1609
1028
6213
2442
1701
5996
701
1746
5147
3217
7419
1070
2616
7115
6732
3201
5801
2975
5104
6677
1105
1125
875
5361
6709
5463
4875
800
1122
6604
3666
4226
543
6312
6811
5620
7225
6
4873
5919
2725
3797
7048
6374
2650
2682
5310
6494
1562
523
2132
1275
5424
946
420
181
6814
4936
5230
3784
6362
7097
4787
3490
3899
4961
5767
1172
5969
174
2028
6770
24
1936
1026
7327
2228
4865
5804
3714
6277
4797
4860
2509
5987
6199
2239
3674
4128
334
6972
5633
4981
6620
2912
1663
44
497
6252
6637
5264
3084
3273
5192
6895
1063
4283
4433
562
7118
541
453
1045
1863
3622
3132
3983
853
2871
6341
5212
2865
3295
3950
6381
2971
5002
53
780
2496
6655
5234
3301
726
3100
304
1179
4833
713
1270
3041
6673
3485
4634
459
6260
5912
4912
4058
7078
2925
4613
6243
7394
450
3823
5059
2554
2177
3484
5116
2142
1517
1259
470
1824
3070
5066
1376
4846
5647
1522
6630
7250
3414
1304
5167
7312
2892
7137
743
1900
7136
2885
6947
4427
6094
2149
1536
6828
4850
983
4101
5270
1557
4553
4552
3711
700
4368
5686
12
1441
2103
5525
6384
1987
574
396
1640
7265
3640
980
3245
2634
3334
737
3738
1073
6293
1665
6919
5113
3184
1829
3848
172
3354
707
6993
6602
4445
1578
4039
3638
2705
395
217
794
6595
102
5569
3042
2042
1301
4202
5149
6570
6544
6050
1723
1649
4503
1450
615
6744
5182
5044
1077
4423
2365
6554
2424
4221
4748
4440
4720
2698
1643
2251
5342
3710
1097
4973
3278
5735
6131
7114
3331
4957
2057
3498
315
5297
7326
2862
6487
4926
2355
3422
4670
6546
3418
3617
1769
2995
2305
3360
5906
2105
69
4782
4925
5203
1807
6660
3234
2268
555
4920
2499
4863
3430
4661
5791
3976
3778
6867
5573
5535
3347
4984
997
7220
2229
7313
1180
5271
759
6376
5888
7363
5383
7151
7059
3544
907
4352
4051
5187
1310
5093
1594
6800
3565
3630
2275
3651
1158
3803
2073
4836
1839
2122
2167
2683
7260
490
5461
3043
4831
5576
6917
1318
2328
1550
5103
1164
1317
4744
6360
7005
1664
1622
4834
1182
42
2465
4724
3408
1365
1989
4204
6263
2795
4643
4406
3438
4259
4514
7089
1513
503
6358
6059
6564
664
4443
2274
1110
4587
5070
320
2789
1457
4803
5820
1730
3796
1724
6522
1981
2315
1618
5878
560
5180
5358
6119
5851
4830
6331
2423
5701
6113
5903
3293
6066
3869
5555
1082
6551
5384
1846
5516
3283
676
21
877
4869
2859
6231
494
4232
2855
5205
237
3451
6418
6090
2709
6480
6575
6305
630
4682
3722
3811
3508
7229
2852
6095
2180
1595
4557
4545
2047
3910
6101
7157
1834
7134
5462
7182
3378
7433
2354
5762
5318
6949
379
3008
3257
1362
4576
942
1124
873
3242
3119
5989
6370
30
4542
201
5258
4200
250
6776
2672
2273
1570
446
3761
4170
35
4994
1720
5909
649
944
2887
7127
1013
3059
434
7291
1775
1648
672
2788
2813
1973
3634
740
1988
6797
2125
3192
6205
3409
90
2654
5224
297
4403
4711
5071
5075
7406
6642
3795
7425
5302
4060
3243
3325
1980
5826
76
588
101
3053
198
5406
1657
3307
4382
2979
5181
5614
5277
7072
1276
1929
3198
1061
4402
4384
7210
2464
807
5843
5744
1842
558
3014
7123
6883
1460
2607
3033
518
1965
7435
4729
3449
3298
2312
7438
3215
6075
1921
5043
4664
427
6466
2947
5355
1232
1740
4858
1731
2241
1409
19
4747
4160
5141
3125
4326
580
1950
3383
608
1848
5209
2205
6174
5144
6413
163
1904
2727
7010
3890
5399
3030
4153
2898
1250
6912
6662
2958
1931
5249
3109
592
1329
493
4617
7414
631
3326
1889
1615
3853
2520
4906
18
3317
6692
2943
79
1826
2546
3336
2771
1153
7192
1051
805
6034
7306
3616
6624
4096
7460
2257
4059
3541
324
3549
4697
6939
4276
1043
4938
2671
2249
2427
5975
4934
714
4623
5218
1511
296
1151
3525
1283
2592
1022
4740
6511
1957
6147
7060
2255
2512
1750
2168
887
455
3606
6163
5448
6857
1924
2066
1992
6333
5549
4209
6911
5027
7482
7382
1052
7296
5005
4915
144
5428
67
6558
0
3178
2837
247
4886
6849
6976
6257
1181
3937
5038
5972
6334
1363
1894
442
4565
2934
6704
1961
6899
7457
2662
6420
6766
2138
6307
6070
1710
5048
5227
5757
6586
6585
5028
5442
4141
7154
5997
6793
3311
5942
6429
2731
4089
4093
62
6521
3365
2693
4018
82
7000
4504
2991
3641
33
2483
2202
5388
6369
1284
5226
1463
4837
4432
653
5425
4705
3624
7016
1535
6439
6625
7178
4195
4944
3939
5522
87
4174
3594
2685
1808
5853
1391
4752
2245
1814
900
6950
3108
916
4721
3906
5578
1919
5722
6114
4515
7051
4958
3352
3147
407
602
695
3473
112
1650
815
150
3507
5385
5963
3892
5710
4367
2336
3371
5105
6672
4373
3600
3020
4167
6795
5719
1548
4396
1847
3682
2957
7234
5437
6058
2523
5453
5074
3310
995
2261
5817
5483
5037
3281
7105
710
5163
1922
2873
4824
3923
186
4844
970
1103
5988
5667
2561
7011
3073
1865
6618
3187
1265
7184
4332
6597
2919
4628
963
4596
7021
2956
5776
1467
2094
7393
1543
3537
3725
59
1903
2929
6616
3513
4691
2542
3199
7397
138
3426
6979
1763
6995
7095
1387
4972
292
6987
1674
6783
5259
4968
3992
484
6538
6482
5670
9
874
7359
6836
5921
5933
1071
272
4818
1246
1379
3742
4921
5183
720
496
6207
2060
1340
616
1890
5789
2043
7330
1238
2849
6306
2338
6735
6455
7481
4719
2556
6121
3898
1719
5695
537
5196
4621
1714
1673
7015
4635
332
1716
7248
3934
6459
4296
3660
4369
6740
2589
3433
5083
1528
3207
3615
3851
529
2301
2366
5646
122
6666
6491
2276
1510
6877
6235
323
1831
185
5054
804
1506
964
2629
6826
3397
1864
6436
6876
1508
4094
5170
5891
5575
3730
3249
3402
238
4196
6579
3860
4817
1542
1956
3131
3731
1267
5655
4037
