6936
5442
3022
4597
3356
7225
2228
6140
3520
2880
6121
4317
3372
5822
7454
1800
5569
1555
4162
2026
6081
2586
4623
5795
5847
7114
6835
2804
228
6897
7470
2898
2078
4552
7181
1505
3019
2888
6420
5049
2757
4337
7198
2412
4059
5369
2410
568
1021
5342
492
136
5578
5444
4038
2497
2814
1242
4750
4921
6145
6963
667
2144
6587
4454
2826
3536
7338
5263
2469
4315
6321
4333
1668
2417
2046
7222
6885
6105
6308
5561
1762
2030
138
5767
1411
1061
7425
3714
618
234
6879
7234
6457
6930
5929
3813
3157
7434
3122
6861
2619
7023
6550
5341
2022
329
2464
2249
260
2930
1056
4726
836
5094
446
5438
1848
4817
4184
393
3772
40
4308
6720
6663
5711
3746
3387
4723
2070
5684
1281
3910
2821
196
6693
6353
7269
3465
137
106
1946
6242
4810
6553
3178
684
5261
474
3329
5302
3792
1650
2191
1379
7456
5383
4775
4972
5813
6858
5138
6454
5673
7317
7046
4424
2600
564
1150
6328
3836
6710
6305
5715
6796
2143
165
3524
110
4232
5766
6502
2483
2001
4418
2322
4431
3805
3631
5602
7442
6795
867
4060
939
1938
2733
4881
1671
3617
6211
5311
3847
3030
2492
6598
6506
5248
1275
6125
1259
6451
1117
3821
1714
317
1552
5367
3959
2182
3107
1816
5771
157
6029
6318
1330
5759
6670
1103
352
3009
516
1728
3050
952
6843
2819
6474
5326
2007
4942
5497
5059
520
1029
5884
6239
4705
4677
4979
3785
1053
1004
4616
2635
6048
2487
748
1658
6373
371
1926
7254
2662
5182
1181
431
3658
1862
3638
6910
2659
3363
5062
2386
5217
3234
3699
5344
1627
6666
4644
5382
6810
333
135
4991
1365
2201
1043
4391
2265
3251
5378
2675
4518
7102
4222
6989
3047
2527
6084
4466
4645
1523
2013
548
4678
2077
3955
2218
2822
1929
1304
6000
3759
6193
2672
1380
1232
6892
4755
4272
5920
6097
2575
3069
2358
6981
7202
5017
7187
5912
1113
1987
6386
2405
6629
7021
47
6554
7091
1850
903
786
7411
1638
2301
3452
367
5299
4797
816
609
6621
1327
870
7204
4093
4795
3327
6853
5050
7
1685
1464
5137
3600
6914
1547
4941
2906
7423
1890
2400
6815
6126
2086
5869
4013
5242
4932
4547
1907
7022
775
6068
5709
2112
3437
4713
5491
6531
3068
4224
3960
3769
3626
2337
5128
7344
3539
6073
1399
3676
5688
941
4160
151
7393
4382
1517
4096
4043
4807
7007
441
6444
5955
4879
1931
6992
1156
5058
4988
4769
2974
7177
3812
2935
6924
53
5236
5952
4052
5976
5984
1317
6837
2885
4197
5859
1611
3492
6486
6234
5648
1101
6907
3333
180
391
177
6355
4103
4255
3338
4729
5170
631
6994
3310
4951
1589
6304
2920
6299
2223
3834
7477
6446
5835
2081
1255
967
2540
4003
6797
331
6894
2272
982
3398
507
4242
4868
1860
3286
15
2627
1470
4939
5769
6254
5499
6918
7292
2335
5533
5211
1841
2224
901
7090
3559
5071
6867
4260
280
4927
2130
3758
2040
514
6416
5085
3598
3448
1368
3826
3924
4217
4047
5537
2623
3748
5662
4621
4121
1573
4669
617
2652
1876
2750
5308
1115
2529
2676
5994
6814
839
4446
1618
633
527
2801
1829
5650
5749
495
2005
6018
4783
2125
5713
4534
7030
7355
1104
6298
5166
4259
488
164
3035
1081
1877
923
7397
6363
4496
1309
3221
4945
4812
933
4943
7206
237
7294
4872
2793
508
5917
1439
4343
6984
5750
7051
2499
1154
4821
6445
6248
3025
3104
6409
4191
1369
3733
84
5637
2310
6453
1646
6494
2
2294
419
6824
5615
3405
2323
4136
6762
3440
4544
7098
4471
2717
3490
6646
6112
963
5303
3996
2113
720
1471
1266
1461
5904
7336
1998
895
5521
183
1350
7035
5215
4369
2139
6434
3887
6146
1936
2241
2792
2173
462
27
646
4814
1262
5282
3978
1519
5792
2420
118
4153
1882
1038
1992
2195
5773
5274
7209
4165
1809
3148
4960
7208
3313
2378
1790
1089
3906
3008
2946
353
4473
6033
746
2392
4572
5926
2067
5246
2687
1960
1022
995
7440
455
4095
1407
5458
4822
4907
129
6282
3320
2824
5429
988
6423
2480
6716
4339
2443
6642
3082
3945
6594
1575
510
7274
6090
755
962
307
1966
4826
7347
3680
4661
7304
1760
3820
1111
3185
4854
2169
6880
160
4893
4950
4102
6158
92
674
796
5500
819
6209
2507
7057
643
5948
740
764
5353
2996
1910
3620
4698
2734
2729
6958
2148
4785
2053
1213
6241
3258
3193
1787
6884
5625
5113
1508
3411
3351
6819
432
1529
1679
5482
1581
4916
5143
4404
1207
1468
4262
3908
5606
185
6176
379
615
4031
6358
470
542
2039
1892
1863
2076
7151
4994
1902
6482
4659
5900
1202
2252
3280
6437
5425
3786
4359
3204
4986
4267
6586
6236
827
3083
3721
2021
5175
5266
6157
6408
2782
641
5731
5450
5636
6334
4472
550
7128
1360
6133
6887
4819
1928
4721
2211
5959
6960
2622
1229
202
3497
1604
6285
7099
6901
717
4730
723
58
912
6784
5865
4497
2654
6171
5643
4367
7334
4477
1130
4910
2254
3896
7446
2000
5647
7349
6077
734
2670
421
6202
5965
7410
2517
4997
6480
1751
848
5870
4126
5144
3282
4708
3853
2596
3568
5437
1711
1781
7322
6746
2945
4076
5725
6253
1662
405
3106
5262
1745
2538
250
5588
3804
4934
2275
6286
382
949
450
1956
6738
3389
1462
3753
1293
509
7218
4866
2314
3980
206
3409
1814
5681
2845
3848
878
6014
7476
1738
3767
2705
2551
4320
5701
2697
5101
765
1300
3189
3005
6399
5714
5210
372
3153
2643
647
731
476
6957
6893
2598
1069
4206
6651
6551
5638
3892
7161
6577
335
7361
5297
1147
5940
3956
5354
2475
3653
380
7039
3203
311
3766
3259
5746
4390
4307
1386
3661
1687
3355
934
4077
3379
328
943
6365
2740
1725
4190
6608
2459
4555
6951
1606
4355
599
6780
7241
5416
1567
385
115
445
3290
3755
7375
4196
1772
4201
897
5649
4845
7075
4673
6069
6244
1840
149
5030
332
7129
628
5394
259
238
363
1247
5652
6503
7306
3160
6993
2555
1475
5044
3062
973
4137
2127
2638
7400
7139
7302
5967
2071
5661
1985
4760
1211
744
3023
5988
4110
1990
868
5971
4209
2311
1976
6948
4167
1737
6141
2153
3776
2940
3763
99
3991
4099
6614
3284
4732
5012
936
935
6782
6007
3891
2936
4647
2764
3339
6523
7109
1705
6635
1473
4626
2097
6440
2379
1310
511
890
417
7092
3572
1169
4000
1446
4996
3299
6688
3424
3545
2987
3964
1019
4240
1137
3889
5091
3494
6950
1868
3001
7125
6605
6030
6541
4251
1171
18
2815
4412
706
6362
4130
2548
2796
3218
1828
3269
1047
2958
4364
5328
2360
1449
6466
2778
3942
1328
1159
6326
6303
7056
1959
2238
7373
4935
5245
1559
947
3341
7029
1342
3392
3425
5259
4109
4086
2427
5373
3789
2338
3442
1385
1290
942
6150
6459
3265
3287
1095
778
6252
6491
7444
4570
3079
6344
2634
2633
7480
658
2232
4485
2343
655
4784
2647
3469
3788
5121
2753
4381
7020
7006
6978
1864
7271
6581
3321
5203
6160
6656
2193
5787
2336
5960
2999
3647
6432
7126
7041
5516
3970
287
4252
6342
3460
7028
397
2626
2065
5296
4641
5570
3345
3382
6804
4752
2951
7135
2062
2569
3151
7289
4720
1776
4882
7275
5161
5106
5042
5079
5635
443
5902
2693
2387
1989
1647
3725
5494
4192
76
5363
847
6168
2893
322
4636
1453
2607
2428
7008
153
5911
1424
5957
2754
1403
4425
3476
6851
5889
2035
1049
2892
3285
1651
626
5068
1583
2775
2090
5200
5583
7166
7236
3816
3583
7386
1068
3255
5733
501
3884
1107
2171
4234
3303
2857
388
209
5434
1880
144
569
6979
3514
596
5548
5173
6826
3181
2423
3768
69
4856
2433
3998
2629
6687
5817
6106
3660
6705
4011
2911
3087
5234
2051
182
1981
6882
5164
770
351
4731
703
3357
3547
3261
6076
4062
176
4064
3041
2502
6266
5486
344
3432
1716
1195
6003
4434
3314
2496
2774
3881
1901
1538
7391
4787
757
705
45
7249
4120
4617
1162
2665
6170
3172
2624
4296
7395
232
7278
285
6431
2029
3747
6945
59
5981
5185
1437
6555
5685
1700
80
5838
2781
6251
3716
3205
1484
6588
6966
6042
5669
3304
3177
855
4709
1569
4133
100
2263
5377
3322
6616
4341
4084
1218
3103
1549
3982
330
101
6537
2648
3159
650
996
2780
4504
3534
5025
719
323
274
1325
6833
2976
2248
6898
225
2557
3267
4982
5851
831
1909
5021
1427
1493
6623
3128
1362
2235
2692
5366
927
7466
1764
5680
4508
447
2115
4245
2266
5507
3248
3481
1450
6005
2158
6602
6083
6290
244
6673
1661
4071
1149
673
4159
1591
4278
195
4358
5464
1770
853
2178
4163
6316
5189
3131
3995
2561
3137
7354
4138
5840
2147
4488
4433
7452
1240
2245
2585
4651
82
1274
4977
2149
4781
6946
737
5072
504
6325
1114
1027
1216
1118
1744
1911
3849
3584
2593
1710
5399
2625
3650
2304
2768
2359
1223
318
1625
6883
20
1925
4967
4530
3842
6230
6361
5337
4464
7073
2302
3362
5134
3893
3990
2901
4835
6668
2049
5422
920
1160
2847
3552
6622
3777
5287
1663
6962
5213
1180
2297
2863
2905
4607
2525
3596
5995
5122
6793
6776
6080
4421
3865
2408
607
1062
3033
5515
6603
4522
272
3307
2489
6841
2977
2031
3065
2348
1030
5812
5506
3561
1134
1637
4511
6628
612
214
767
1244
4438
5190
2854
2618
5755
3308
623
6643
6263
4073
6857
3679
4801
2566
480
4670
6426
456
7251
3470
7190
3761
2748
5391
7381
3388
5882
2844
2691
1352
1585
5448
6727
7088
1354
6674
2649
4838
828
403
2293
3560
3014
1978
6128
3681
5582
1257
5683
4946
4506
5258
3142
1296
4773
5351
5536
2401
826
951
5961
4911
1152
4808
7298
6579
624
4917
5390
148
5970
3871
7231
1184
3191
571
42
1872
4828
1873
4887
3916
3815
6087
5596
6954
6854
2841
7016
616
2100
4085
1918
6231
837
7163
6240
3632
424
4805
6129
1963
783
7488
2375
5247
3390
6872
4467
5477
479
5834
904
1846
3468
7004
415
5674
7123
3489
1739
7213
7224
4176
7318
2983
339
6346
3312
1972
3829
5764
676
2995
4198
276
6086
528
2289
3085
2550
5754
6515
3173
5738
5249
1336
5527
6904
4468
1535
1474
5543
6450
2953
788
7065
6027
5472
357
3055
7037
6204
315
187
4180
846
6313
321
4181
4235
2398
6645
5730
3119
4449
6179
6788
7211
622
4694
2710
6607
6662
2231
6729
4495
6403
3592
3985
3288
1934
1271
4409
698
6745
3622
3522
2642
1140
1672
4436
6741
3844
3907
7485
4306
3281
6460
7404
4179
2669
1724
320
3493
1558
999
5492
4248
6400
2257
7256
4284
5546
2786
2355
4860
7259
6773
1124
5250
2568
3252
1905
1774
3163
4051
5454
1320
5896
4789
6371
4562
2206
295
7230
7287
6589
4243
1785
2546
5747
2580
211
4915
429
485
2414
6980
3311
4114
4142
1656
513
7379
6011
3630
1533
7013
753
2303
3046
7312
383
6697
3824
28
7244
3799
5993
3707
830
3948
7167
2813
5220
6227
4583
4380
2927
6260
1743
3020
4314
3897
2092
1261
1222
3538
4585
1528
1697
6189
4794
83
6967
4686
5663
6756
4869
1436
6928
1896
5535
193
6774
885
6676
7217
7426
2441
6686
5180
521
7162
2886
682
1412
5084
2715
6054
5010
908
7157
3169
5033
1796
6942
7332
1045
5611
3391
3230
6791
1465
7310
4557
4612
7279
1827
6465
2933
6678
694
4512
1119
6294
6137
2713
597
5310
1801
4155
3736
712
6583
1210
4012
5317
4360
906
302
4028
5646
1079
4411
6865
4269
1943
6104
5020
1346
5923
3859
3925
2357
6556
3682
7001
5664
2069
512
7183
5565
7127
4270
4571
3183
3187
4741
2109
1035
1
3795
3155
3162
6136
221
5748
4396
4507
627
2771
2948
81
2830
4931
277
5799
6181
791
6669
1090
1221
4057
697
1297
3546
1370
5885
4833
782
4658
1610
6711
5365
2597
909
6536
5332
6802
4479
5933
369
3360
2862
7273
1356
6649
461
2268
3190
6988
79
1071
4375
6876
1884
1177
3644
3113
4239
7475
4487
7158
6636
5443
3125
6534
1016
4352
168
859
2210
3416
4581
2435
347
7299
814
2453
3528
2019
463
2617
2439
1518
960
5627
2874
6421
5541
5815
2941
4668
5848
4519
4679
6464
2613
3877
2123
6364
580
3090
1190
5285
1280
1949
10
980
289
6124
2213
5980
1874
6336
2522
6717
4923
7323
1786
7447
7040
1065
811
4906
4112
2186
4843
4277
5157
7416
435
2787
5126
7419
4387
5466
3375
4026
3164
1839
6223
189
638
861
6277
3719
4701
3482
7116
3532
5710
6022
5125
2942
6438
6120
6518
1653
4619
451
4900
3257
5989
5171
4954
5048
651
1720
5726
386
3857
6292
2564
4253
6569
798
7229
1155
4493
2431
2612
2354
3427
805
6276
2912
559
5598
3034
2368
5734
7205
4855
3793
862
3291
3756
6302
7335
6754
4334
6639
49
3861
5677
133
6767
5572
659
1254
1795
6610
4876
1381
13
5880
5590
1688
2683
6312
4327
4897
6280
3298
2823
6522
5070
140
3334
6916
4304
6878
5659
6877
5922
3335
1499
1988
7408
3957
7357
1616
4020
356
109
6395
4048
7296
6640
7042
7178
3775
5796
3330
1587
5427
7248
4722
5379
7358
6387
7108
6566
2033
4564
4204
1783
5149
200
3332
1506
1251
6580
5645
6937
2495
5169
1428
4007
4627
7366
5177
2856
2274
3474
5891
1017
6468
3053
2282
7138
4888
2952
6380
7012
5022
7286
5909
5186
3135
5155
4230
5850
2584
3549
4526
2730
2852
4017
62
6470
2576
1948
3132
1574
3309
5460
3410
2968
2008
873
6896
2286
2024
7094
4271
7172
6953
2240
2474
5770
4930
222
5966
5380
6351
2110
5082
5066
2971
6742
6597
6675
3491
4363
2978
5256
4340
2334
5098
576
2541
2485
4692
4959
2594
3174
3903
735
893
5265
977
6792
482
4500
2985
4973
4770
5633
3487
1378
6311
3886
4104
5949
6283
2418
2155
2728
1957
4338
2706
489
4214
4981
7134
6330
771
1694
3368
6956
1361
2332
4823
6683
5163
4283
3704
6329
1444
899
1835
4115
478
4912
5523
1640
6552
1979
7009
1064
4430
2476
5402
4761
5689
3165
5763
294
5986
2122
4370
3811
437
412
7216
1302
3475
6915
835
6123
4456
4591
2500
5667
6855
585
2797
6210
5775
6004
3740
1434
4600
4298
2842
2114
7257
6135
3402
1185
6560
4515
4776
3054
3784
4475
1712
6093
3508
1305
5407
2769
3567
2664
2929
1843
3732
6519
1331
6072
3140
1652
7441
3385
5006
6625
4462
201
3864
4244
1881
6265
2891
2296
2089
611
1920
3331
1206
4151
3701
6538
4326
2939
3933
3711
1788
2868
721
1127
3712
6357
3659
6232
2503
4081
6926
3028
5428
2943
175
2316
937
4903
1404
5181
6921
5281
1887
334
5547
2404
5786
7113
4742
4549
418
2583
6215
301
2701
1129
3268
2281
4465
2604
1754
2644
5776
5
5883
1002
823
2990
4748
5752
851
4106
3502
6600
7451
4745
6895
3703
1792
645
3578
4357
7191
5641
5868
5532
5334
3618
2732
842
3594
5404
3554
2515
1717
7005
6015
5352
7076
2702
7265
213
1698
642
2807
5413
2430
5131
4188
7383
588
7320
3495
6931
4022
4610
2511
3374
6107
5095
1504
2091
255
4587
803
1955
3856
6050
4786
473
3024
5679
5239
2002
6279
5359
1135
1311
3588
3094
2041
2534
2421
1041
882
2549
2685
5226
4119
2320
863
4295
6319
63
5972
2222
6152
986
6383
4461
5564
756
1063
242
5839
4219
5433
4281
3729
2970
3075
6019
6021
678
4936
113
6119
5176
1648
6568
5221
1009
2167
4867
3463
167
2721
7422
665
700
5039
1893
965
4257
1092
105
2413
5502
6063
984
4280
5043
1168
7246
4588
1690
1005
1513
1392
2723
3017
5148
128
4735
1609
745
1974
3710
813
685
4525
3247
7272
5230
2784
5162
6606
6043
4604
3715
6116
3118
2574
3832
536
3625
1312
2458
6701
6412
5414
4646
413
5102
5145
2426
2032
5229
2467
7281
1706
2657
3029
4122
2145
298
5011
5937
4766
6410
1376
5945
1220
1642
2817
6195
1332
6753
6066
4638
7280
1456
6689
4953
2352
2524
3138
630
3633
2725
6647
2239
6996
132
5300
6162
4004
2450
6601
6860
3873
4944
6296
1971
7133
1540
7221
6309
126
4849
48
5657
970
1082
2107
4419
1621
2531
894
2461
6840
1886
6479
4579
6505
337
2799
6561
6497
1798
4100
5255
6700
4172
5802
2325
4335
3927
992
978
1042
566
4904
3770
5843
5779
2298
327
1243
2023
1416
3986
4482
3225
1733
3975
2883
2060
6617
7478
7473
1571
3192
7428
6850
574
852
6151
6695
7329
1398
5844
6631
4747
579
1565
3176
6180
4452
3188
4009
3934
6632
5692
6032
841
2895
3099
2931
3471
1321
5660
4486
2253
5388
6671
4573
6864
1011
5694
5016
6102
4757
7068
1779
6132
4094
4984
3039
7232
5765
5325
7141
1463
3952
1675
4699
1496
6472
1306
6467
2328
4366
1729
4006
1144
2536
5097
1543
4105
1624
640
6509
5574
5322
718
4582
4336
1015
404
7465
460
7437
2367
3043
3061
7093
241
1709
1797
4633
6009
7096
4758
902
7052
2878
2922
6859
1469
5223
6220
7333
3093
6082
5053
4134
876
303
3765
233
1032
2563
561
1498
6525
162
1958
7482
603
4689
2111
5264
5424
1460
6513
5974
1163
3395
3263
4285
2785
3011
7325
5244
503
4666
5791
3585
6417
2956
5243
7111
3130
6317
2074
4514
832
3274
5358
5385
7237
671
1793
3635
5525
5628
5887
5159
5609
5824
1942
4429
2501
3640
4187
7346
4079
6415
3977
4005
1767
3867
3343
865
5774
3124
1678
7245
4816
5741
4751
2877
2925
6995
4704
7188
3237
6827
688
4045
5518
6713
4069
3880
5028
2456
6492
87
3072
466
6790
2667
4990
1343
6986
6902
4379
7131
1277
7260
2129
4606
2393
7319
6939
6968
5381
5735
6374
5800
5235
758
5216
5947
4070
1438
1953
3556
5935
1811
4091
3272
1387
1994
5566
691
3963
3126
1996
4147
5832
3969
2339
3698
3139
6117
2645
4266
6418
6349
3315
5526
905
660
1544
3121
1817
4228
553
6443
3300
5938
141
4875
1554
3912
384
5024
2160
1039
4839
3086
3305
4440
2330
1676
7337
3737
606
4144
3967
4417
3026
3294
5007
2138
4313
6627
6347
3535
5819
773
4092
1588
6163
4687
1784
4725
1842
3036
7036
3092
3276
1689
6023
6402
1489
1768
5436
5631
5557
3879
7429
4344
2212
6547
2216
7460
5592
1854
3015
210
4299
2718
2244
5431
4908
4851
7261
312
1269
2834
4657
6246
75
6582
1245
6398
3684
7424
4715
6356
14
4825
6570
2558
6429
4837
1335
4608
5825
262
1617
741
3456
6376
4529
5934
243
2518
5105
2493
3624
3457
4212
1212
2963
3007
3179
1831
5806
5172
2305
6182
477
7283
3373
4218
639
188
2703
5290
6758
6732
5762
1072
1165
5695
2879
2285
6677
2370
3901
314
6053
6706
3201
5553
614
5075
6961
7100
90
3031
1947
158
50
4476
2663
5447
4551
1775
3210
1900
6127
5089
804
3149
1858
3371
5977
3049
1501
6268
759
3521
1131
5279
7185
3713
5973
6270
6650
6719
6481
556
2288
7288
1608
4539
6381
4423
1276
1057
4019
3318
2146
235
7243
150
203
4674
368
1707
7453
7360
2207
3422
4545
6455
2521
4782
1018
1578
197
4484
5060
961
2543
2631
4215
5027
2101
3032
4842
154
6528
3953
5009
2909
7276
822
3279
2825
6190
4853
3262
2582
3928
220
6258
1777
5545
6348
6696
3447
1294
4728
6275
1945
5208
3150
5810
879
4403
2853
5874
1683
3791
6092
3010
6159
3438
3161
1108
231
6143
2811
5083
1665
6196
3868
6430
3048
1324
2175
338
4146
6378
7087
6844
7110
7407
1241
2333
5483
4297
395
7340
310
3801
6045
3076
5374
7252
4354
3757
7376
3972
3941
2829
3570
1383
1492
5031
407
4550
4024
6526
1096
5294
4706
2491
4444
4993
1919
5828
5339
2042
6397
2369
364
6734
7223
931
2798
6100
263
5985
5610
6339
5275
6619
1967
5219
4599
4566
3636
2716
2520
5329
3171
3958
4778
494
402
6164
5724
5639
155
2731
4356
2917
6660
4567
677
3616
6769
2639
6530
6272
3950
1853
5350
4282
1374
91
7455
4975
6690
1060
1741
2196
4510
3822
6404
5619
2104
1747
6685
1123
5193
467
6747
5253
6652
5179
4275
5057
5804
1899
3271
5808
1557
2727
2894
2221
565
6987
1334
1116
6110
4841
6008
4799
1025
6805
4992
2739
6535
6749
2884
3604
5090
4426
3253
1991
1120
1641
2572
4216
1422
5867
4948
679
2165
1467
3057
6721
5123
5845
4413
1452
3662
2681
953
3361
4008
6757
6226
198
7130
6038
4330
7174
2308
4154
1693
1316
4696
5052
7104
5393
6752
4499
1732
1680
1530
5411
2700
5573
6768
1078
1667
3223
3909
2714
7031
163
5063
2831
2353
4667
4478
3778
6664
2530
6461
3376
573
5908
7054
6919
3936
1263
1291
5129
5389
6149
3949
2377
6165
5156
648
2133
4970
2140
4098
3994
1977
3553
4451
6809
6433
985
5623
2403
916
3111
4189
3652
3968
3666
1756
4803
2349
3674
1394
5372
6435
4556
4820
2374
6888
2250
5706
7044
5349
5666
3328
3016
5924
4629
4175
2609
3723
2913
1026
4014
3923
6691
7195
5616
6478
3114
2980
5699
2849
6103
6324
910
498
4185
7145
2425
924
1085
5854
4322
1636
5807
5892
6062
1265
5863
1432
273
892
3718
265
253
6527
5716
2751
2924
1058
5941
714
6806
3642
6463
784
787
3667
3127
5975
4663
4675
4080
7398
3914
104
6834
3105
1586
1941
1632
2128
7155
2759
3751
3569
4037
7293
7461
3951
4325
7055
5348
3488
3582
4141
3158
2083
5899
3136
1715
5306
1225
5585
1196
152
5093
1520
5788
2677
5130
4620
73
3724
5338
6477
5315
7072
7392
1550
1599
833
1568
78
5837
6873
1347
3421
1563
3444
6920
5742
7048
5780
4342
5562
6225
1534
2409
1595
5396
4987
2591
2975
5395
4774
3443
2350
5076
396
374
5319
5757
6682
2488
2887
2636
2391
5400
2452
5343
2197
4609
7118
7339
6886
414
1234
2556
2229
172
5816
5579
6297
2866
3233
1912
3206
4170
3830
6343
654
1713
6449
5727
6118
4831
1233
434
7010
7084
7067
290
5511
3921
1217
7350
3507
5423
4593
681
2694
5676
7353
1825
1765
5238
5227
1908
376
4517
1006
1932
6935
6733
2749
1861
4806
3325
4861
5406
5630
2579
5954
1655
6130
7226
5330
2851
2615
5197
4015
1395
134
107
789
5915
1701
392
3961
6488
486
6006
5340
7367
116
5862
3112
987
2997
7399
845
2345
3297
4150
86
3038
6985
5305
7420
291
5403
5271
2756
3517
3511
3414
1577
475
1459
1052
2926
34
6548
7380
966
3672
2565
436
3175
6557
2299
2161
1758
6372
490
4249
3527
1146
7326
65
2959
958
6289
6422
7143
2313
6655
1723
425
5991
2949
4156
2632
5417
5133
4746
4796
6852
19
3835
7171
1426
6565
496
142
2020
2755
5468
6306
2270
5462
6222
4871
5903
2818
4695
217
5584
6360
5267
2176
2397
4323
2712
5782
1256
1807
6088
398
6574
5432
6428
1414
1748
7443
3423
6197
5241
5753
1441
278
4089
3498
2859
532
2154
990
1110
1639
7049
3295
4221
408
2457
1051
7388
3044
6576
2166
5951
6533
3045
5581
77
6322
4046
5793
5529
3866
3797
7107
5014
1878
6913
4962
4328
5830
7421
5956
2481
2118
7270
7266
2876
3817
4643
3077
5206
2689
7059
3855
2256
146
3525
6965
2390
4353
1940
790
3466
5147
5205
4958
1572
5855
751
4683
3709
2465
4030
1718
997
4470
1889
2172
7149
4443
4763
6728
3947
5651
1660
6955
3946
5736
1708
2003
3697
5841
5512
1472
2093
6578
7180
6411
5184
5023
1219
341
7321
7215
4054
1215
1763
1457
5540
7345
736
4291
4520
5587
5019
726
54
51
2064
4237
6947
3919
3550
3611
6641
2098
216
2180
5401
722
3548
838
2788
6078
4125
3098
2896
4439
5047
5088
1812
926
5978
7432
2259
824
1596
4349
6485
36
529
4174
877
120
4118
2087
1904
5439
6712
1227
3696
567
534
4885
3781
1510
1481
3935
5445
1593
785
1353
1643
883
3607
3354
1077
2220
7401
3080
2961
3702
373
2383
3430
6243
3720
3726
4558
3467
2641
900
675
6546
7382
6612
2736
1631
4963
1054
60
1121
3537
1178
3509
3324
964
5387
1731
2658
6846
7387
7179
292
6287
5035
1299
1531
6235
2058
2189
4368
2230
1778
7431
3874
3404
3226
593
3579
4592
1485
1076
5195
5871
3606
7365
5118
7150
2050
6615
2371
2855
3209
3243
871
3266
4901
3738
5504
6101
5160
3629
1048
44
3292
1553
4501
5430
6218
7291
1151
267
3380
52
4318
3796
7389
2554
6337
6291
2843
1397
619
5658
1024
5476
3359
4890
972
6657
251
3215
3646
4305
666
856
1034
715
2168
5897
1074
4437
7137
6542
6085
3340
3939
5758
777
370
4108
800
3974
4521
5029
4145
4792
3244
5152
3987
592
812
2470
1866
3838
1288
1782
6871
5928
4649
2080
4157
6447
5418
6495
2960
5743
3780
6764
6869
3614
3484
6499
6763
3608
801
5704
1289
1879
887
1509
2466
1455
6475
1532
5597
190
2562
6354
7081
5519
5074
5599
2742
1542
663
4182
4980
2998
7121
5852
4926
3485
6571
938
5361
2137
4405
271
2292
3100
1345
5653
423
7014
2690
6584
5632
3013
6194
6520
4920
1944
2306
6064
5272
5682
1875
377
4688
664
1566
3
5886
56
3779
537
6891
7146
2181
3433
6115
3413
2767
760
1820
5858
4117
5077
484
2709
993
1750
240
4195
7390
4455
884
4124
1329
2950
5198
3734
2150
3542
5347
1674
807
2696
3097
3478
1906
6473
896
4929
3349
4922
7284
1822
3920
4129
4655
7362
4039
2119
2982
1235
5288
5045
1527
2989
4983
7412
3071
6722
6269
6940
4538
6659
5314
194
4642
4386
6653
286
5327
4450
1249
5644
4940
6634
2680
2616
3749
1355
6079
2446
5719
1314
3992
7027
3526
98
1183
4896
362
1415
541
2280
1158
6114
3222
5487
2085
324
2106
227
3597
171
3890
5286
4445
3306
7307
7436
3731
4021
6448
4717
1759
5836
5268
7300
5873
1923
7445
1349
2967
3207
5139
6511
6401
2135
6075
2921
2162
4400
2258
779
325
2608
1516
6214
5925
6585
4523
4759
4874
5744
2790
3932
2779
1031
95
4615
1417
1691
7479
7267
5008
670
6807
3771
994
4276
1635
401
6684
257
4311
6487
689
7120
7409
2981
1847
6490
387
7472
7176
7372
6672
1719
6177
3260
3802
2395
4193
1722
5150
743
4087
6212
5580
4865
2765
2290
6147
1539
1421
5577
560
4737
1338
4350
3609
4999
974
799
169
6484
806
2504
6037
632
1238
1813
108
6017
6974
5457
7330
6061
2592
130
5040
3841
5284
3885
4401
5420
4348
4957
2389
4474
5233
582
6731
979
3319
5820
4852
1968
3899
1818
1230
4301
2126
5331
4279
4384
6591
3342
3220
5861
5469
2872
6698
5593
6207
2903
6658
716
3434
6845
1541
2018
5409
3056
57
4938
6765
587
5761
5551
4947
5958
3540
809
7194
5081
3612
2708
1867
6217
258
5826
7371
6156
3302
2300
4213
6772
207
2794
6823
464
3326
3239
3116
5036
3593
4183
6394
6822
1425
7106
5146
913
3610
7050
5696
5488
3454
2722
3531
3211
3096
944
4894
4202
1537
4483
6923
2152
570
2812
6545
4302
5745
205
4925
544
699
802
4161
4256
1494
2117
4383
555
2225
2758
6633
797
1619
3730
4265
3141
7449
546
261
591
2747
3810
1607
4902
1802
6359
6592
444
3869
4672
4711
1561
3242
3067
2095
5086
192
3806
793
2179
6613
840
3599
1669
7277
4580
1512
5703
6952
1601
1623
2116
296
4864
5846
4614
4584
3464
420
2899
5823
4036
1749
2269
4491
4716
7070
3473
5879
3088
300
1391
1894
3212
3000
204
696
6801
3500
7315
5453
340
7486
6238
6074
25
1937
3922
2324
2735
2741
6419
5517
2205
2278
6933
6493
4442
4273
4968
4247
3419
1644
123
1686
6912
5556
2867
3194
6406
5622
2528
1377
3337
2366
6274
6382
5614
1480
1580
1605
732
1551
7469
1692
7239
2331
6848
178
3278
5232
1080
1695
4577
3406
594
5202
6391
3108
6405
1721
3283
3798
2214
5723
3277
6255
519
4186
2932
4697
1040
3236
880
226
5005
7082
1598
411
4862
4628
2183
3415
2279
5675
3089
3878
7406
4516
3803
3202
1175
730
2034
416
7017
3063
3383
6034
4345
239
5018
6229
5201
2603
981
5199
336
1307
7268
2589
4631
7080
6998
3027
4274
2679
131
725
5204
2523
2510
1479
3683
2043
1622
4605
1633
2056
1837
2838
2260
1451
891
1366
2312
378
2473
724
4415
6828
1148
4568
3316
3418
1836
7197
3688
121
2837
3902
6203
493
4083
7464
930
6654
3451
5015
6692
2362
6498
4203
1164
2482
6626
1373
2969
3367
4603
1125
1359
3943
1545
5470
6604
4498
1126
1740
219
2237
6057
794
4561
3739
4743
6724
3012
1838
7018
2380
4116
5254
5116
6333
4331
1199
2057
3412
1036
2192
3858
3750
3429
5237
2846
3109
3745
2059
4756
6564
1433
3669
6911
1950
4724
5141
5187
1546
3458
2385
4909
3591
1939
6185
173
4303
3623
1097
600
4097
2411
6436
2599
6341
39
5778
7233
6264
35
7433
4884
6056
7384
7305
6148
3250
4502
2601
3186
4863
5513
3794
5421
181
4703
5962
2188
6934
4329
4225
4408
4955
2159
6777
5642
1408
2937
4420
6323
5192
3399
6384
3180
6201
3275
6624
2233
1582
6906
4886
2364
68
3436
2317
7220
6138
5560
5528
5324
774
652
3232
505
3051
2321
2704
3241
7415
3595
3576
6026
37
4933
7101
2858
1197
1869
518
2984
1393
305
4847
1201
7074
2342
2519
3605
3722
530
5803
7058
5875
252
1141
3129
1182
5594
2082
834
7297
5979
1844
1166
5514
7062
3420
4718
2994
6175
2170
3227
6929
590
6771
2791
6184
2344
6139
1193
1001
2382
3898
1810
6471
6301
1696
1246
2514
1073
6510
358
3346
1742
558
4402
969
5549
2865
6512
2326
3289
5154
5722
6089
1897
547
4010
6817
2004
598
7156
2341
5555
6044
6836
5686
1483
4371
1507
5412
3168
124
5004
2666
3486
4809
4739
4090
4640
739
5356
433
2653
2539
4053
4435
410
886
5218
3408
3870
5717
2455
742
3533
7414
5544
888
6737
2384
5291
4346
7212
1419
3403
1371
3366
5362
103
6338
5224
6618
5112
1264
4611
6067
96
578
5295
3529
2009
5463
2017
2698
6377
440
2910
5672
6367
1630
5827
468
7351
4166
1236
6414
1659
3754
4347
4027
4738
3256
2163
1341
5690
940
1808
4289
438
4618
7462
304
4025
2045
2752
875
3590
2084
3004
4595
4063
6832
7219
7105
4780
6704
3818
93
3876
5114
7038
2419
6407
3095
1859
7200
5794
1145
1253
2402
4065
1684
6504
5898
459
6458
1888
139
5921
7000
1579
6099
6456
1891
4788
7285
4410
5489
4378
5888
2614
2776
5918
5654
1597
6524
2199
7019
6183
4205
5721
5939
3783
5626
3888
1313
3851
125
2307
780
147
3144
3530
4575
5209
3852
5531
4061
406
2724
3678
6390
2545
4914
6016
3790
5140
313
2198
306
7385
601
1590
4164
589
2571
5821
4246
6821
3006
6219
117
7064
1930
5818
5196
825
3774
6060
5115
3690
1390
950
889
2526
3503
6055
3850
1083
5207
2882
497
5073
3997
2415
1046
7026
269
2916
5829
4634
5732
1488
7152
3940
6949
4041
5283
2944
2907
2668
2340
1730
3506
3962
1514
1326
3483
3825
6167
2820
5479
3762
6425
4891
1008
2873
7439
5441
6751
2438
1922
858
4798
3336
4250
2660
1231
629
5552
6262
1268
3741
4727
6216
7043
6999
6052
5857
3523
4771
5693
3397
3245
2746
1806
1503
4365
7467
500
584
114
2055
656
3431
112
4393
2577
5142
2699
5110
7184
4058
583
6938
2271
4576
74
4377
4494
41
4111
6761
653
8
3807
2444
4765
5153
5571
5355
3240
2611
3670
551
487
1100
4832
4268
4974
1490
729
543
3439
7313
4971
2262
3787
97
3603
7394
3504
2762
6803
3621
2957
4310
5522
5455
6849
5397
16
3396
6800
427
843
72
6500
7207
1055
2372
5720
6778
4652
3555
283
7250
4824
1511
5124
6174
5907
6094
4889
7363
6707
1337
3002
1224
6134
7341
1804
6723
989
3913
2447
2783
2010
1657
2156
1486
3628
4905
26
5055
2399
212
4559
5893
6049
5435
3557
6
1757
4223
5002
3196
1323
5591
159
4829
5316
4676
1476
4965
1228
5600
5655
2513
2567
3883
2124
5831
1157
2283
754
3378
4441
111
7417
1445
4319
2570
2827
6031
3860
6036
6983
5784
4565
2918
4002
2442
3384
2954
7359
1736
5797
4321
6818
4528
6820
749
4392
4254
236
680
2833
6529
7066
2505
1258
5906
4734
5603
4177
1084
3505
365
5697
2246
4714
1921
1526
215
6039
319
2688
2686
5621
6310
5320
2532
5484
829
948
533
6370
3200
636
968
1852
1176
4802
5751
1699
1832
4858
4258
2972
3677
2267
5953
3875
575
1865
5309
3264
102
1482
1286
3519
1628
3455
6250
3930
3965
3166
1995
2640
4772
2424
6766
3601
4546
6035
4032
6941
3984
3587
316
4524
6267
613
186
4883
230
6811
4682
2726
946
5901
4691
6028
2902
381
7112
2479
5252
7264
4459
2151
6558
281
3428
4292
3657
921
5061
2671
3708
2861
1845
6108
5260
1614
1681
6516
4662
4173
6452
2835
2012
3648
2164
4733
2988
4790
3070
4791
3700
3441
1357
4399
709
6694
5872
5932
752
2131
3827
1735
2684
911
6748
610
2512
7235
5740
5586
3580
2376
6680
4422
2763
1984
6245
2506
4171
3944
6959
6375
17
179
4376
94
5318
869
2707
2190
4653
326
5931
523
3693
1248
174
3214
6838
3828
850
5419
3229
1915
7484
3184
3208
4768
6096
3989
4231
5894
1851
7258
3846
5708
998
3060
1962
4233
1143
3037
4949
3694
3152
5944
2318
5992
282
166
7303
2897
2477
360
3477
1726
872
6002
562
4569
7459
6427
7427
422
1050
3782
23
342
7140
4332
6661
3400
4664
2875
2215
2038
2451
366
2295
1067
4793
7153
1187
3983
1167
1226
1106
7033
1132
649
1319
4712
2772
2973
7396
693
5251
5108
1136
7189
781
5913
2805
5671
6532
4034
1382
1214
5508
708
3744
5100
7193
3364
3479
2646
2621
2578
7308
1870
766
3752
5772
2016
4149
7117
692
4613
7242
6295
6735
1194
3764
6770
3671
6725
6775
6648
3167
4489
1548
5943
5785
1013
4740
1283
6208
3323
3541
7262
2682
2908
309
707
2808
264
2234
275
1308
4918
4361
361
7061
1524
6783
1358
2319
3459
1487
3675
918
956
1091
5607
3742
3377
6969
5678
3449
3837
3664
465
3563
3655
6779
1769
2471
1654
2836
4650
2588
2839
5080
2006
2802
4744
6368
6327
4453
1093
5919
3426
6187
6590
1447
6213
1823
2184
898
359
3513
6388
4293
6925
5119
4460
6259
1603
608
6863
7169
1612
288
3685
2072
6293
1270
5222
4541
4995
2923
2761
4290
2860
3123
3293
5371
4830
2472
2356
5729
6736
4362
346
2432
3081
7301
3705
3643
7290
577
3350
5493
4527
919
394
1755
4536
3760
2063
3472
1898
7378
6847
1339
1466
9
1282
1980
6982
7487
4505
5465
7253
38
5983
2177
5554
1105
6890
6091
7203
89
4690
552
3156
2533
2553
1834
1525
2396
2850
6829
6273
7079
1677
2719
1128
2904
2048
2448
4042
2581
3446
1087
3973
6237
3800
4513
3450
5360
3453
1285
3627
4779
3872
2832
3615
6335
5446
7227
7132
6922
457
4312
268
2014
4719
6271
2361
5415
922
2226
3565
5000
4210
5968
4913
1250
6012
469
7471
538
5132
4533
2934
5120
1491
7015
1454
1952
5357
4589
6905
4898
4848
7402
1086
6521
4844
3911
2711
1301
6856
6744
3369
7103
661
3895
7438
1885
4113
6142
1993
4873
1402
1409
409
6595
2789
6544
6065
6046
4654
526
4238
2770
6943
5634
4656
644
7025
2434
2075
3613
6278
5576
1924
266
6977
1322
4123
184
3238
426
549
6866
2573
7122
7295
2134
6517
669
6166
6975
4127
5188
971
4818
3839
6990
2537
1753
7095
7210
3915
2436
5276
2416
1670
428
6644
3182
6071
7374
914
5336
4316
2914
4264
4543
5386
1020
1857
7201
4753
5067
932
5449
6047
957
3686
3668
1564
3353
5700
959
2052
3993
1969
6489
2673
7159
6944
1153
3510
1066
3518
5174
1803
5375
7489
297
2773
5998
1400
2243
6575
6205
7468
4989
5936
1500
3819
1413
4040
976
605
355
3634
7147
6476
4309
6041
5849
6501
1789
2445
2187
2066
6874
5612
7083
5498
1883
5605
2068
3143
3462
4044
3954
6257
5860
2650
3073
1102
711
2509
4088
5298
5289
4463
6191
2602
3687
119
3981
6991
5333
1012
4622
5065
4023
5698
1629
3515
6637
5183
821
32
7316
2255
854
6903
1856
7356
7403
3773
7435
24
2620
6424
690
5323
3417
2121
5304
3577
2535
4372
4535
5890
2027
5461
3917
375
763
2544
1420
849
3602
2919
2462
499
686
1037
1702
2388
554
687
1600
6609
458
3347
3213
4406
1267
3370
1287
5608
4693
808
3219
1780
3900
4531
66
6703
7089
5768
6739
595
2351
4458
2440
4072
2276
3692
1440
2992
4928
1562
5999
1982
1830
1429
4
3918
6206
5881
2108
1819
4681
4850
747
2251
3575
5930
6799
2373
7086
2315
1109
70
3999
6997
3064
1189
5640
2202
2015
815
1913
6098
2965
1295
6755
6010
4428
1112
4078
2516
3058
1927
6702
218
5705
5509
6331
6192
539
6899
7124
4978
3854
1478
3512
6715
5601
6314
5790
3235
2800
7450
4199
817
5480
491
3496
4066
2291
6284
5392
1028
4554
2287
5212
5964
349
2011
3358
5668
7142
5567
5451
5051
7228
2795
6281
5737
5278
4919
7331
1602
3352
5739
3117
2743
3551
4158
6111
3564
5054
2738
1367
5364
3115
4736
5273
6199
2200
3217
3639
6786
170
2141
1237
6787
4976
1620
29
4985
1418
7034
1070
55
2394
7060
4480
2966
2628
1204
5087
2962
586
4416
1203
5103
1443
6178
4490
2678
515
1007
4220
4407
5214
2661
7369
6070
4211
7196
6020
2327
3145
5092
3966
6200
5270
762
1318
4998
3691
1964
6122
1405
4961
2806
2194
7077
6221
4800
4660
4870
3562
5426
6862
5559
6051
637
5225
4596
5997
2365
4899
5026
2766
439
6109
4200
1997
5001
5656
2809
4503
2695
2810
199
254
3401
1372
3120
6496
2828
3461
5109
245
545
7045
2219
668
4966
2025
5038
4427
6154
1773
6173
6875
3021
602
3979
5520
5013
4707
4665
3654
7448
5842
7314
3074
4082
2993
5231
4178
6812
5568
2656
4813
4227
5856
713
6563
2484
2871
3840
5293
1198
2136
917
2096
738
4286
5781
4594
517
6315
7144
5478
1761
5876
625
3904
5398
4385
975
3558
7032
4143
3147
2036
6543
5595
4229
5707
3091
2610
6228
4553
4578
4964
557
4168
860
2054
2157
3695
5505
6153
1914
1824
7175
3976
5718
6393
6131
6760
7173
5990
6161
3663
635
5618
5563
1626
3146
284
3273
6469
750
6188
1556
3394
21
1188
3059
1122
161
4749
5542
4811
1794
6599
4574
4294
2869
308
4924
4469
2547
1477
1826
6562
2494
6630
4877
3673
4056
1088
6870
6789
293
5452
2264
1059
1375
4815
6917
1594
2209
4836
67
5269
5440
5069
1515
3589
3843
6908
4630
3656
3365
4049
3641
5805
1871
6261
6718
6567
2655
1292
2651
857
