3766
2856
4528
1264
618
2652
586
6150
4724
2126
1993
5238
5546
3001
7453
3117
626
7187
3192
3522
5864
6546
3566
3261
6602
5009
7483
2144
876
803
4334
3104
2391
4344
6160
2319
5200
5437
3698
2314
4037
5523
4456
2936
874
4860
3376
549
1363
2131
7456
2102
143
768
3911
5488
7265
1651
3585
3863
6965
7324
4526
1051
4789
3517
723
4026
5230
1748
2620
5073
2926
6092
1250
5578
7309
5530
4379
4551
7022
366
1802
1282
640
3752
353
1562
6778
2044
7197
1770
3220
1002
1888
6464
5559
5205
7244
7319
5153
538
1504
5727
630
3623
585
3205
5279
6909
2701
1610
5410
6448
6889
3541
1145
120
2536
5104
3878
5706
3169
6084
785
2073
5585
1386
3208
100
5445
7425
6078
6085
3728
4952
3133
2830
3413
3775
6761
3597
2163
3816
4418
1985
6399
3725
3925
7260
3406
4467
4003
6077
4393
3449
2086
1433
2361
5313
4924
1382
1771
451
7124
1188
5807
6224
3646
6711
3733
2662
2863
1921
5401
1184
774
5282
174
1034
3066
6357
4641
6947
144
6315
1081
1765
3461
1368
7079
3229
6207
1769
7156
6983
6083
3039
5917
7274
7035
5526
6772
2799
707
7052
4800
6669
6470
2629
172
2166
207
2749
287
435
4264
3271
6481
3859
2138
2162
2592
6557
5780
1441
6230
1069
1854
4295
310
6716
2062
3704
1228
3193
3891
5039
5471
272
6676
5224
1903
1080
1125
2542
863
5057
2589
6262
5337
2407
6219
3869
1579
5367
7106
1319
6569
1251
761
6073
1887
4560
1777
784
3063
3678
1919
5016
5525
5571
6129
7280
3929
4450
5299
6911
1542
2306
2045
4151
5011
5574
7084
1639
5506
5125
914
1176
250
6707
3979
491
1998
2907
7432
6550
5149
88
5565
5791
140
720
4875
3397
2989
1784
4207
7131
6388
5097
6929
4272
196
3466
5266
6075
2343
251
3223
4751
4072
3525
2719
828
5187
6221
5087
7074
2068
2481
28
4230
394
4645
4985
2344
2477
1347
1520
6117
6412
5881
6390
5809
4583
4212
4981
373
5306
4155
6113
5420
4433
6148
5151
5678
6256
2221
3527
2246
1076
6842
1439
1478
1736
1852
3047
2415
5482
302
5175
4913
4584
6593
5655
2603
913
6496
2494
193
6651
6012
1782
6422
2496
5366
4069
3856
6906
4362
1262
5911
6316
5105
3309
3967
1962
6541
6998
3767
2354
4148
7368
3015
3342
719
6389
5193
134
7394
2879
3494
2376
2848
4628
6606
1450
600
928
1856
614
166
1405
5987
6583
4014
1428
5399
4851
2576
2108
4349
2699
1474
6108
6375
3110
5274
3312
1565
4884
6554
1671
4124
2500
7424
1974
1845
5096
4221
7253
6275
2208
3045
3508
5988
5826
2951
716
806
2442
7364
24
3207
4319
3017
1195
450
1652
6754
388
6021
457
2539
3848
7369
5099
63
2384
3070
156
4157
2290
6981
2522
5199
4085
6498
3874
1490
6473
1918
1315
5113
736
5939
4587
2919
932
4247
443
2903
2185
5803
3268
6968
1240
994
7348
2721
316
1789
1088
275
2786
5195
5078
5756
2447
6344
5946
3443
2340
1163
1392
927
6667
4761
7295
2728
4811
1704
6051
2839
5063
1496
3716
4107
315
2611
5983
1326
1038
787
2956
3307
6405
2579
929
6662
6789
7157
5252
2646
2520
2715
3695
6423
1543
139
2825
1547
6849
1031
5952
2183
2752
904
3966
6136
797
2998
2118
1844
4788
6261
1246
4141
3770
848
3411
861
2952
4460
6738
3736
6852
3472
3781
4502
1893
6287
1859
2777
1253
2182
2679
4777
2406
4113
794
890
3043
6935
55
6570
1559
309
615
4861
2317
1628
5856
978
7299
197
6608
4920
4343
3351
4463
4425
297
7484
4423
5441
6513
10
6755
5757
5289
6845
6134
1623
1092
1375
1336
3440
5493
6284
7086
4508
558
3057
869
6400
5681
2462
2890
1721
4636
2219
1982
4446
2561
335
2040
4087
3587
4919
3676
345
312
2836
5465
1724
1377
4824
192
453
5986
6045
4896
4201
5858
4136
1915
1071
2778
3245
7254
1070
4370
6585
2766
1025
389
2412
2470
281
1907
1403
6063
1966
843
6165
5641
6694
5819
2227
4429
6007
4422
37
5049
6391
1058
3232
4525
1156
2819
4307
5486
6444
4701
95
1140
4117
5217
5830
348
5570
6571
590
544
1013
2851
4844
3808
3211
4836
3989
7317
1792
5186
2546
6313
3100
1311
5524
4210
6590
7141
1272
966
3297
3776
1969
228
1462
1631
601
6354
6182
2074
6688
50
6190
7355
6834
5994
168
5919
7373
15
7297
5301
4153
1129
4984
3347
1074
1491
5936
6696
5426
6883
5006
2331
1301
3687
5339
3358
1894
6170
1850
5265
1712
7437
2550
3919
1733
4967
1482
1594
1214
3830
3511
2006
3184
4550
7354
5991
3610
1067
4193
4522
1744
3003
3209
1233
1650
1384
5644
4915
6225
2657
3163
5382
33
421
6604
5763
483
1788
3624
2278
6581
6744
3129
2404
6693
4396
3545
2386
1617
3242
7016
2720
29
3127
7410
739
5755
4852
69
4659
4615
1410
5551
1597
6336
2595
1691
632
2220
1568
2395
1183
4273
801
7409
2795
6298
5143
6518
1185
4469
4782
5667
2444
6106
5550
1569
1797
2135
1394
1480
4703
3445
2931
3785
2912
933
2050
4684
2709
153
160
403
2892
4514
6813
2308
6307
6049
1432
6840
7334
6247
3643
1128
4070
3980
3630
6401
52
5378
3330
3773
6485
3724
6065
6955
222
3948
5495
1066
3187
2588
4903
4976
7088
2763
2985
2117
4228
5119
4963
1342
240
3012
429
4114
2915
3825
6372
3072
1979
410
4646
4509
208
2295
1417
2492
6209
6654
3321
7263
428
7031
3485
1933
1120
1000
3233
5517
423
2889
2743
3570
1191
729
1517
3013
4493
4011
7376
4853
7452
1106
6671
957
6902
2824
2174
4593
2084
4700
1198
7261
5739
2831
1114
2311
3642
2868
496
1835
4225
2445
4585
3060
4336
7226
4302
6709
75
5738
5792
7343
1810
6894
3157
4594
188
691
3864
194
330
5341
5702
4604
6328
4328
1356
54
2390
3914
635
3578
7417
6714
1905
4510
5012
6596
6879
6467
528
3283
2932
2640
4421
6699
1400
6891
6825
2005
1101
3016
2821
2706
1753
6903
7039
6260
4859
2289
855
1316
6433
4235
1649
2326
5674
5462
7327
322
329
4883
5710
1754
2019
5595
6191
2473
441
2695
5198
2604
2568
5046
7396
4348
3027
3452
5649
1661
110
1890
776
6090
2113
6143
3246
2512
6853
1304
5555
4389
5825
1715
5017
2015
255
3099
3685
1716
4310
542
5304
760
1402
490
5501
6680
1980
4989
6054
621
1015
4498
5666
4524
5932
4830
1656
5767
6573
4570
3473
548
4912
2409
6900
4417
9
3456
7214
2518
7469
6677
6370
4089
6371
5569
2906
1829
1668
2212
3079
6866
4296
34
2972
3554
1177
3102
6844
2862
3048
3188
2049
2533
6776
944
915
5541
3196
6257
6028
5696
379
4040
5993
170
3729
3230
6466
1296
1419
5418
5875
4449
4682
2427
5505
5977
6643
1994
2478
5608
7089
4470
2403
3833
567
6618
4792
1886
846
4900
5440
3603
3902
4828
3849
1635
3972
2291
2802
6687
2413
565
3065
1339
2302
2694
7055
5072
5832
3665
2201
2210
1150
1083
2482
2101
6483
1469
1815
1809
5866
6533
2871
4622
4760
1983
1778
3096
4491
5709
2283
819
908
6757
2808
3419
3754
4559
4276
5005
1381
2937
4909
5212
4444
5500
976
5402
65
109
1062
6860
5632
7142
425
3026
4670
2634
84
6808
5302
7242
2599
7444
641
1127
5556
563
4530
3778
3146
1531
5173
2580
6731
5844
5271
4820
1471
7386
6368
6799
5404
2661
4745
3114
4829
7301
1446
5527
4280
4441
2917
1290
2893
4513
1277
461
2849
391
953
5136
7122
975
5798
6241
5982
2680
271
2380
6295
2988
945
3550
180
7401
6605
1908
5793
162
1743
2535
3438
6458
1995
4046
1310
3442
4300
3115
1241
4857
488
5597
2622
1679
968
6697
4808
7392
47
4156
3651
6510
2986
6115
1175
203
2411
3576
7359
5846
956
5356
1042
5540
5126
5552
7217
1288
3316
7286
620
1162
5043
4606
1206
808
6999
2667
6153
4262
218
6767
5422
687
4543
1082
3802
6723
5294
6890
5766
85
580
1235
4115
4517
5737
2167
2901
5964
3300
1274
3965
3900
3748
6152
5141
3375
432
1026
3422
5750
3667
1670
4523
3682
1544
3782
3108
6229
7440
5277
464
53
721
2530
4762
224
575
1677
1731
3344
3164
5897
628
1530
4714
4905
2774
66
6208
102
5317
4951
1613
3871
6759
4091
7139
3430
1318
3267
374
3708
99
6411
6620
2555
1826
6800
2171
3737
4982
6155
7180
6916
4103
5334
7192
1642
6181
7407
6843
6632
1500
244
5052
1695
462
124
4872
847
1024
5835
619
2064
6445
6967
1862
1885
5955
2207
1681
562
1390
7460
5407
3841
2529
2911
6132
1418
6611
5111
4620
6824
4494
1955
2593
2339
1751
2366
7113
5387
3612
1169
6386
2036
3940
6301
6339
678
3509
3591
1115
1149
5285
659
1329
3078
1536
5185
2235
4068
1522
1476
6946
346
2933
6056
1239
115
6918
318
4250
7422
6704
3373
5455
2244
2601
1883
5891
5731
6167
7271
2503
2861
1043
5772
3131
5335
2422
2298
481
1344
3769
6112
647
2737
6311
1328
4553
2310
5082
2616
2055
4944
1266
523
3696
7461
6062
3645
4639
4323
5056
434
5487
5415
2606
4880
3165
6479
4899
2338
2025
3890
5536
6438
6725
5586
5066
4284
6826
3595
3656
1385
2294
4036
4868
2328
7245
4341
1529
5824
2382
3877
3029
4238
6700
4578
6212
7225
5380
4536
7345
1746
2735
3396
5887
836
3683
6829
5106
6482
6125
86
2632
2233
4397
3604
5359
2812
2388
4054
5283
2172
5800
1735
6528
5269
3176
1851
7329
1164
6360
923
3990
5894
4394
7358
72
4012
5638
1629
3632
6820
5206
5406
1977
6783
1627
6018
3477
3097
4955
3132
1934
5071
4927
5581
3161
6461
3263
1766
1244
5775
2141
924
4376
466
2779
3531
3997
2188
6446
4177
6177
5343
1260
5692
3454
3715
77
3908
6245
6027
2236
5503
4135
3450
4556
4918
6806
3817
747
7205
2151
3949
4708
4774
599
290
1509
2088
749
877
1540
7408
5485
5554
3549
6769
1682
4208
895
4368
7311
1367
1567
6505
4764
2835
1767
2733
5165
2106
4289
6099
317
2178
3521
2335
5210
2647
3953
5481
6334
7420
5761
7115
977
5311
6163
2133
2644
2924
4901
6214
2180
4408
3226
6846
6503
4325
5303
2847
6943
1464
7427
857
6539
5582
2840
1122
4461
1581
3273
7388
568
1374
2198
4055
5587
328
925
2754
5237
788
3414
564
6963
3350
4139
1675
1960
6186
4027
1154
1489
1258
1722
1997
2691
5906
2809
5627
6331
1684
2744
4734
1571
5563
3957
672
2275
4196
2349
7347
1443
6522
2288
5362
1879
6105
1666
396
4740
91
4940
5700
1027
3272
3815
5662
5329
6376
6917
1791
217
5657
7378
1909
2223
3787
6310
2681
4793
1466
5474
5
6748
2193
2981
5145
817
1003
5336
2130
116
3605
6972
4882
5457
4474
1126
4779
664
7249
4175
5439
2042
161
4911
5189
2433
782
1904
1703
2416
5871
897
7162
2547
5818
154
6850
4599
7198
1897
2702
2571
5621
6126
4320
4748
1358
1223
5475
5079
3023
1440
6934
4863
700
4958
5612
79
1674
5203
1012
6794
6507
5804
3513
184
4775
7413
842
955
6976
5333
5752
2565
4386
2669
2011
6864
610
4088
3080
1245
1580
6318
4544
1434
3564
5623
4123
6227
3562
3892
4770
1899
6857
7429
5201
4512
7337
6905
408
4819
1322
711
511
4406
7331
4332
1920
3491
206
6269
3592
4357
882
5483
4241
4813
1527
5867
2209
7318
1333
382
2123
231
4182
1665
773
1470
715
2136
3470
5267
997
987
3831
2007
3826
2003
7336
3885
5920
7003
2230
4691
5814
5773
1396
7238
1094
1064
4786
6529
106
3641
5892
179
942
3154
677
2575
4562
5138
1077
2900
122
4356
4831
6734
331
1620
6628
6278
6395
4687
5374
6684
3759
4807
4766
4181
1160
4496
3653
3618
5705
5583
6250
3092
4133
4964
6577
4390
7221
7065
3721
1664
5169
5598
7307
2935
5789
3844
5002
2928
3195
2434
2034
4696
2096
3325
6715
5135
4353
3050
751
5353
744
6303
952
6784
3139
3969
2722
6087
499
489
683
3487
6381
5719
5708
831
1801
4990
4313
1832
5292
6691
3137
4815
1697
1868
814
7350
4282
2703
3091
5940
121
4552
2959
2623
1292
4275
6985
5514
5342
1331
6474
6888
1399
2785
5180
3720
2885
3124
1113
6616
6361
5086
2628
5732
6453
506
5961
6159
3077
0
4020
510
7036
5624
1221
2853
2189
2122
6362
113
6638
7069
4939
3134
4711
3284
4327
5408
3582
480
3186
6614
1153
5868
4194
4388
5458
5845
7467
3962
996
3401
643
2039
5315
7227
1910
1072
6663
2359
1870
3699
4381
1882
5749
1655
3076
7291
6066
1459
3822
2436
6236
2273
4827
2218
6443
605
3889
5534
2090
5615
3294
4934
5616
2587
3394
3106
30
6823
2195
1889
3629
1065
5251
2656
3213
4143
2519
2614
4227
1524
917
7356
881
825
1723
7159
7240
6091
6685
891
6072
6586
5895
6071
4078
2923
4274
4346
3243
3276
7333
2179
3173
3256
3194
4168
4534
286
5942
2071
7185
4627
6109
2930
3652
2873
7232
1867
2435
1560
1857
4267
627
7097
1875
3145
5604
6785
5451
5094
5915
4437
6427
2822
5860
1745
6064
4202
7037
7375
2864
5109
5308
5007
2607
4547
4108
1409
3883
7320
7476
2557
6875
4497
5504
386
3355
5568
1614
6956
3599
2474
4395
1680
7371
5661
2736
5995
5400
2909
3973
7100
1255
5326
4337
5054
3054
4256
4121
2303
3116
1061
4032
596
1618
4725
3757
4245
5646
5698
132
7439
6576
3167
7310
2655
3040
4726
4858
5560
4596
5896
5421
5957
7399
1217
3780
6014
5518
4674
1698
5216
4009
3714
765
3760
5703
2153
1785
4519
3212
7374
5489
3777
5634
376
3341
1756
2116
3356
3690
3945
4384
7098
3563
1948
3471
7008
3553
5913
878
3381
865
7171
1412
2438
1518
2238
5872
6681
5070
4293
439
6535
6346
4787
3265
3819
5221
529
7154
1813
1324
2971
178
6660
3751
2984
680
5854
2430
6174
4780
2276
821
3535
2793
6683
561
4971
365
686
4846
2234
6876
4722
3650
2370
1799
883
4056
4471
3932
6512
1916
5976
3231
2426
4835
5323
301
7210
5596
5443
5724
4487
7190
7288
6762
189
1452
6210
5857
1584
7445
2559
6915
3322
2789
6530
1111
2690
5810
343
7078
3119
6416
1607
4021
299
5507
1036
5539
4856
3098
4651
4495
5258
1203
4656
7134
41
2760
4531
1734
3768
2041
1278
3740
4938
62
3171
5197
3374
6752
6397
4234
1197
5484
6016
397
5123
4439
89
2590
1257
989
3204
4555
7163
5147
753
4377
703
2636
4814
7268
1513
4548
5409
5157
4174
5781
746
6463
395
399
2678
574
4411
5853
1912
6543
3574
5148
35
6959
4719
5236
7389
5659
4845
6324
1790
2940
946
6732
5663
6646
5430
6222
1212
20
2979
5027
6288
2528
1298
1760
2726
6206
887
4059
3020
6110
7209
4586
5962
7116
3467
221
5035
7423
6549
1795
7433
1146
6283
5069
3985
1009
7009
5654
2633
1976
4626
213
3952
4005
6487
2773
205
6861
2925
3779
6347
727
2663
983
1872
1048
3647
5664
4253
4698
3490
3789
294
4382
6895
7023
3924
61
889
3032
3346
1793
5120
7092
2454
49
1276
5354
3441
595
4468
2160
2756
2046
3872
5544
851
5419
5679
1001
5984
2231
4473
2031
4558
6157
2775
3278
5385
4702
5060
3712
5102
954
5048
1137
1705
948
4281
4261
4283
5951
3095
1332
5883
533
6997
959
5434
5008
2813
5357
4478
3221
1270
695
1713
2304
3703
1936
1662
1706
1056
1108
6788
1041
3296
613
2573
3939
3462
3197
2801
2617
2942
6271
6648
3922
369
6545
3897
4146
4704
4720
5191
4669
4466
1284
1449
4624
3399
2142
6622
6796
734
763
1141
681
7118
6454
3222
7046
1499
5098
495
1676
4590
4623
3502
6775
2510
4339
5729
726
5291
1057
2553
6025
305
4542
1099
239
7145
6484
2788
4403
557
772
344
4666
1949
3860
3882
7125
266
1178
5209
5728
1913
7082
7489
1445
694
1814
4217
3121
1179
2121
2983
4907
1632
1286
176
5414
3927
241
59
6896
1881
4894
6658
6901
4721
7203
5114
5179
6572
790
165
67
6149
3368
3711
980
7472
6469
7478
5693
3011
7050
4679
898
2242
2337
3058
6712
1589
973
2649
2887
5656
4923
6728
1601
1022
1121
5635
1416
1087
4667
4582
2746
5797
1213
2987
7241
4383
7085
5653
6668
985
4816
2899
1824
7002
6747
3085
6330
6088
1781
5095
6456
1578
7351
1900
2419
666
5636
6524
5695
6410
6634
4158
6523
5589
2506
4028
291
3512
7279
6032
2157
6966
6356
6566
5131
5372
2896
769
5676
412
3876
6563
1093
6127
5435
2327
6753
1938
136
3913
4765
3360
546
5307
5159
2203
4746
2271
1085
2054
5454
2650
2804
6855
520
5782
56
1616
4592
1604
4081
1124
1592
4754
3912
5827
2305
1023
5479
4340
2673
4084
1204
5284
2374
6540
354
4758
5248
2732
5715
4973
2051
4980
3607
6158
2714
4602
7335
6637
6552
5218
1922
1397
3148
2639
7465
5747
1493
2658
4000
7099
6821
4527
3968
6779
1758
1414
4197
2431
5885
7137
4661
1975
6871
844
7101
5053
2950
6609
3689
2379
2205
1816
1780
6385
2842
775
2216
7021
358
3702
4608
3719
5132
4972
4783
5088
3774
3943
7119
6302
872
141
3984
4890
5774
6426
1147
3654
42
182
3022
4190
6023
5288
6193
3742
4841
4367
4029
4407
5297
569
1388
2548
972
5779
248
3469
6904
3749
947
6195
1021
2169
6369
6424
137
2321
6698
1626
1759
6647
5287
157
4198
4076
5910
992
81
1448
5257
6259
3439
5403
5953
1107
1641
5134
2841
949
3421
1637
6656
5836
4366
6203
5140
1501
1880
1485
1861
1271
7397
5945
1808
5429
449
1046
4767
5235
5625
4321
1506
6123
5371
5346
4832
4997
6226
4101
4499
1018
730
7250
4352
1237
6417
5228
5522
1334
5345
2668
1803
2558
4688
6774
3241
5935
6183
6103
2120
5622
7165
4443
3534
7466
2578
2038
4916
1380
4949
142
6277
1689
4191
482
1295
5685
3315
964
3488
1425
916
3514
7044
6086
5239
5592
6763
6996
552
6950
2226
249
260
2768
2058
1208
5250
1369
676
1667
4434
2013
3988
2820
4268
2767
2341
2948
6166
7442
689
1047
5907
246
4862
1507
3701
1302
995
3933
1992
4752
6923
7441
4485
7349
4694
1742
5155
3334
2109
4869
1702
1210
936
6477
2705
6094
7222
3987
4455
3317
108
2747
5456
4199
6015
5639
504
5788
3895
2097
3000
1876
6282
5701
4315
378
2397
3390
603
4605
2378
5091
3249
6612
4073
5786
4480
3884
6629
5905
1155
602
648
1456
5377
518
5245
1084
3426
7143
582
823
743
5859
1161
1865
4298
3353
3613
3614
6185
1511
2000
3619
5742
2017
2697
7047
1254
3328
1171
3105
2485
5643
871
2083
3259
4842
6856
6649
3875
741
2844
2688
2499
1821
7256
3677
364
5202
3417
3631
3493
6631
1180
2079
3175
777
1159
4260
6107
6455
4571
1768
4223
3030
6678
201
4042
6442
4618
7026
5849
7481
5975
6975
5449
2281
5725
4324
1925
6802
3338
186
4050
3166
3031
4572
6626
80
7398
5226
2393
907
4371
6673
5754
7167
6097
7138
3510
104
849
5446
1521
3090
2018
5156
6305
7251
1455
5309
7094
2260
4776
1595
2318
149
7066
1454
2730
5630
6736
5233
3008
2396
2367
778
338
209
5765
1352
982
3586
5280
2693
3960
6314
3730
2480
6831
7151
3994
5101
4849
169
779
5247
3217
3995
5352
560
6838
4426
1349
1624
6567
303
1475
2718
1055
3589
4183
4287
2854
4209
3609
2143
4580
6135
679
6093
6555
1209
2973
3993
2033
2315
5028
2554
6156
1309
3788
578
5100
3489
5263
6475
2970
7174
383
6358
5204
3836
247
2272
6828
5549
7276
5790
2994
1646
2262
5018
7360
7057
5433
4889
3486
4649
637
7255
5924
1376
4360
965
3384
232
371
5712
892
4569
3644
6175
5461
6652
3006
6337
6040
2978
5888
725
2323
7126
3593
4043
7038
3561
4978
4535
225
3661
941
2497
70
4105
474
4785
5033
7061
3567
4308
1494
325
341
409
3074
114
1297
1953
526
1552
458
43
2159
5785
2501
2881
60
4244
581
1030
1435
3921
1437
5812
1307
7267
2105
2966
282
468
5575
984
5591
6460
7239
2772
1714
1415
668
2155
5253
1945
1526
6589
198
5013
6319
2684
6974
280
818
1285
3981
4799
2708
3279
2867
2874
859
4
5050
1973
5395
5312
1461
1633
7402
5576
6044
1846
6730
3055
7278
5515
5542
6862
5022
2969
4870
4873
5225
1130
2947
235
535
6281
4294
3862
3046
7468
4878
4876
5142
2505
4640
83
4402
4236
6037
436
1404
4960
5733
7346
4504
3112
5241
971
838
306
6944
6082
841
1142
1118
4822
4601
5234
296
3141
7158
2995
2240
7153
4002
6418
2200
216
3214
1877
6547
5254
5438
417
1546
4581
5041
31
754
3332
6703
4564
183
1256
3854
2432
1747
4784
573
5381
6202
4663
1503
7012
7236
6675
3800
1170
5174
2927
1591
2081
5497
766
7135
5992
4142
5931
3251
1673
704
5405
6927
3370
6805
1609
5416
2717
7321
1
2330
5618
264
789
5431
2610
4675
5743
4709
6847
3053
4747
1463
5795
653
2637
4874
6304
3049
6868
1059
3252
367
4265
6447
502
2805
651
1645
455
850
4715
4187
2063
3377
717
336
2845
3481
5450
4545
5675
4112
7053
4537
5158
3496
1321
6942
119
6919
6343
4233
693
6882
476
2059
6933
2659
4486
181
3402
8
807
1196
6962
6296
3838
5689
2187
3944
5671
2206
3420
4092
930
4736
398
2259
4188
5648
3633
6792
6493
1132
6034
2333
3673
1105
4185
5037
6312
1787
7282
3615
6884
2949
6664
5004
7416
5838
3977
3727
6795
7018
295
4634
3444
5444
3905
3964
1842
1796
4541
2944
4759
6345
4941
706
4995
4755
3093
2027
2816
5954
1929
6101
7313
1576
3852
6544
3140
4685
6366
2963
5878
940
2284
4881
5121
6807
2525
3380
5167
2860
1587
5950
1707
6971
1774
6592
223
243
2526
6625
2243
6797
2471
4016
4757
7464
6001
2082
4195
3954
3628
304
5848
2745
6701
7406
2149
2552
6949
477
3713
7463
3796
4006
3062
6380
1891
6323
1426
500
4546
5999
1305
3584
4251
3693
2837
6874
2572
4803
2057
3215
5584
1136
6232
5020
2371
3475
2751
6665
2776
2567
402
6579
133
2353
4959
2916
6396
7455
5691
5562
2961
5045
164
755
692
5599
5034
1839
3762
2092
4947
3758
4464
1477
5128
3505
4150
5232
7418
7363
7123
5397
2078
1371
4380
6773
3950
6635
6642
2537
350
4603
2115
426
609
4891
6058
2405
1423
3622
1972
2527
4798
6713
6024
584
6047
2254
2061
2626
7339
2468
3407
587
5383
4401
6623
5365
6264
7208
3044
2943
1512
2026
3670
4322
6560
2591
7121
6924
6299
1465
3501
539
2489
4575
3625
1549
3569
6274
5548
3314
698
999
2790
5211
4680
5318
6435
7049
4781
2329
5963
4120
2202
3345
636
1045
5593
7412
5327
708
2069
32
665
5628
7207
2194
2852
5183
3951
1189
7
7243
4316
2761
5349
3926
6462
5682
6240
2014
1283
5064
5219
3634
5115
4576
3371
4809
5829
6517
6352
1741
5828
7148
6710
2060
3395
5558
5019
2866
4306
4678
2996
7362
5051
4637
3021
4215
4539
2264
5694
697
4921
4979
2914
5300
6859
158
4895
6457
5393
2818
3118
6743
1981
2192
2004
420
1242
7293
2498
2895
3160
4763
802
1611
5808
430
4914
6827
3903
3560
4795
1694
6353
3804
5413
2251
2466
352
6421
6970
6002
6798
5937
5943
4476
7228
2267
4447
7395
7170
7212
3818
7004
7237
4482
2493
2666
3823
4063
4655
3206
3219
4452
4730
2613
4355
5375
2859
7384
4130
3135
3840
6239
5509
220
2037
867
1303
159
1014
5886
2352
6993
1135
6419
2696
1430
5350
3089
7177
2642
6398
3354
909
5220
3009
6877
7273
3555
3851
2685
2400
4106
3681
7338
5971
1574
6986
4855
690
4597
3295
2541
349
2282
2479
1231
6172
6440
253
7178
1535
4616
3434
7219
6100
1999
2252
770
3343
6349
3558
6578
3557
6706
1299
1570
3191
4312
6279
3772
1911
4314
2292
5777
2882
1951
2100
4965
4044
6960
1553
4961
5882
5310
2448
4118
986
1807
3718
6928
284
6329
1931
427
3881
7462
4477
6216
6987
5467
46
5379
7220
3359
5223
1340
1327
2012
5272
3906
3756
2053
2452
5980
810
6300
3813
380
486
7064
2675
7077
1219
622
3437
1408
524
2381
2608
1932
6764
3917
6885
2764
6973
875
470
1710
2095
3731
781
5177
5139
6564
6348
256
6270
7448
7204
3084
2641
5168
2938
6922
4279
554
357
3
6432
1615
3581
1224
4660
1391
3537
4354
6994
2300
2913
4834
219
531
820
2377
800
5428
7172
7381
1222
4898
3847
7202
4738
2441
950
171
1019
6333
4804
866
3126
4213
713
2147
3935
3408
4956
362
2734
5030
2268
2687
6367
4122
4481
5196
4897
4104
5290
2450
127
7443
7403
939
4369
6020
5021
1259
4595
473
4554
7218
4286
2357
7450
3480
4224
3982
4638
6019
3025
4733
5713
1858
5281
93
1341
3928
6653
4769
780
4445
3961
1970
226
1776
3392
6682
360
5904
3405
3018
2897
937
6791
7353
536
3178
1227
4643
3795
7063
1348
4057
7272
5960
6489
454
4650
4263
2351
6819
5941
4657
2630
617
6377
4110
5117
3909
5990
5207
3280
320
5390
3573
6978
5670
1892
1798
1837
2446
1044
5720
6580
1053
2247
4929
4097
6536
3992
2265
2239
1752
212
519
3367
1874
4189
5058
5412
604
138
6254
6242
3996
1138
2342
2365
805
4561
4731
6364
3041
419
1834
2024
1817
981
1104
4723
2624
5901
6500
2910
6777
326
572
7454
6145
5865
5388
3865
38
6525
4432
6991
6258
4750
4412
2814
4169
3635
3726
6205
3602
7196
3606
7133
234
3286
2177
5614
497
3880
540
1699
6886
259
1330
3552
3255
1502
1215
5278
5799
2771
3853
4954
894
445
2908
1337
852
3258
3433
3136
571
6741
6293
3109
795
988
1840
1711
274
7076
5492
471
4232
5956
7182
3292
512
1763
7306
6705
1772
6176
6137
1864
1935
4677
7206
1431
4109
2424
3601
6130
1630
94
1764
6932
7438
534
2132
2199
1928
1335
437
4996
5331
1582
5003
5545
1825
3506
2905
3147
3101
5373
1468
163
4419
5620
815
656
4288
4416
5768
5083
2686
522
5532
4507
2043
7054
2146
5967
2524
314
1902
4492
5714
2806
786
6951
1700
4744
6822
3225
6689
5161
4588
7292
4200
962
4428
6639
1389
2402
4061
3393
3056
6812
3918
6980
2358
463
431
3835
5870
4928
2672
7405
6817
7013
4707
6786
1884
4621
3125
6835
682
4591
2880
5923
387
4331
3845
5561
5573
570
6124
2383
5637
5699
3744
6341
6231
7193
1429
1866
5821
4654
7391
269
3302
1849
2111
650
537
918
1182
5966
5922
5476
2782
175
7104
7451
1586
4516
4102
1917
3075
5590
1287
2596
438
7073
5328
7322
6403
6621
2954
1863
1052
2602
922
2742
2689
123
2020
2255
5208
1451
3357
6558
7370
5600
5152
3572
1407
3657
7140
1172
211
7366
2139
3216
7027
6898
633
236
3983
2032
4242
6562
1194
3379
2765
3575
644
5973
3275
7357
2929
6450
3254
7298
3033
764
6610
6120
4843
3448
4501
7034
4825
7257
71
5270
5880
2052
3524
4625
1551
5466
3436
1820
1621
4706
6880
3244
5144
1898
6720
40
6161
2511
5229
4399
6749
7095
3391
1573
7340
5745
3907
5181
1073
1956
73
7326
1457
107
1537
3228
4023
1927
6521
3596
2712
6598
5188
4837
577
6989
407
7179
2168
3310
4930
910
6043
759
416
7005
263
6561
3190
5811
3583
6147
3672
6121
5351
4172
5321
4144
733
5511
7184
6267
5240
6804
3515
1300
2076
6910
6641
5127
3073
6787
3238
6060
5190
2921
19
507
4277
541
1583
735
1364
6350
1508
3180
1773
3067
1750
2877
6977
588
2263
3526
1387
4902
6383
6869
4218
7169
1424
608
4038
2280
6035
5295
5831
2564
1097
2964
3156
1990
1481
5261
3548
5784
4239
2487
494
6407
625
4812
3459
1967
1379
6151
1833
5876
4049
3153
1421
3975
7475
2439
3498
6636
1954
6276
2373
1263
2456
5665
7060
2176
5613
2817
2671
5244
1860
3887
5108
5837
1236
2453
4083
7314
845
5392
3403
3269
1143
7270
4611
4600
5776
3071
631
6661
2759
1653
6321
5815
3738
5029
2586
385
7281
4345
3500
3821
4420
1806
3820
6964
6053
979
2214
2991
2683
3034
738
1037
2137
2104
5178
1644
6169
3839
74
1050
1075
5491
2336
905
6431
484
6519
5460
3497
5816
5411
886
3404
1033
1843
1354
6832
5529
4598
5918
6471
1588
5296
3150
3810
6945
1959
5934
2488
5997
2783
740
2091
4249
3152
2562
4801
6793
3253
545
1719
4317
3202
1987
2437
6633
5348
4398
3400
6815
5531
2245
3543
2325
718
5974
6733
4435
444
967
5330
1683
377
7480
6220
555
6818
5268
370
4904
6451
6266
4052
675
4935
4171
532
4226
2261
6194
3218
5459
826
2674
1749
6285
2811
1625
6196
3675
2957
2085
6912
3064
319
4111
4304
7230
798
3938
3010
6036
5490
5040
308
5787
4743
6472
1313
2270
4438
3507
5610
7071
3068
5619
173
5741
4206
4922
16
5496
7058
342
6940
2420
7056
4540
6201
5843
5711
6587
1100
3976
3431
7487
5833
26
2560
4237
125
2093
7032
1686
4018
639
834
3482
6542
2797
5769
902
2651
2516
6104
7107
837
3248
963
5081
4848
7482
1556
2313
5651
1786
6504
1269
4330
3052
6342
991
1306
2375
1819
2425
5320
7415
2566
2274
3608
3709
6355
3427
5044
3465
3143
612
2857
4145
4229
903
4665
5594
6803
7096
6686
3873
6722
4589
4619
5214
6497
5031
6954
4532
1818
4906
3542
6502
1168
1205
731
833
7195
606
4373
6338
1495
7109
2625
6740
634
2184
5601
5543
3904
1663
3262
3959
6478
1598
5432
1280
4093
3483
6459
3784
3203
146
4992
5243
3130
3457
3447
2870
1039
257
5851
2507
6119
1202
6005
3617
2080
1740
111
4879
1660
7426
1486
292
4867
1804
187
2876
214
1229
4647
1281
2692
4017
3674
931
4998
2077
6511
6858
5730
4022
4082
5686
3805
3530
4007
5036
6739
1252
1718
6384
4179
3807
1564
5513
3792
6565
6379
3879
4609
2016
5469
5516
2196
2653
2648
4246
5170
3855
288
5077
7017
4565
7211
3299
3547
4712
1338
7007
2803
4019
22
7111
712
6273
4607
1739
2299
2186
3761
7067
5032
6374
5840
5806
3765
5764
827
492
7216
1020
4259
1216
5909
3858
2429
4297
4164
3556
2946
5933
1830
7315
6251
6708
6081
2843
5673
1794
3551
2939
2741
2872
3479
210
2154
44
185
3523
2277
7308
7446
238
4567
4826
2934
4214
4311
4427
5535
1110
6420
6179
7361
3428
593
7215
3739
1726
2740
4430
4489
7166
2514
3335
2953
2807
4892
4950
4969
7152
487
3306
2355
4363
1492
3155
4805
4462
3198
1895
5684
57
1028
6006
1453
2563
2958
7387
3791
5707
2257
1395
2472
1608
3398
6263
4839
4521
6936
3700
6057
3458
2540
372
4180
900
5611
6046
1498
5122
4333
3270
5231
2827
696
3492
1133
6235
2976
2461
7201
1350
6848
1413
1848
2119
856
824
3086
1411
793
1779
1926
3389
3305
4503
2089
6627
1577
3081
5369
6551
5324
472
3199
2170
5110
6672
7411
3170
5080
6138
3014
3666
4948
1924
1484
1353
509
448
4936
3282
2418
710
87
4818
4840
5286
870
5903
6645
4094
3655
6011
1515
3324
757
2838
6096
2127
6228
2618
4629
5262
1345
2517
7112
375
393
3686
4365
5376
5025
1728
5567
2796
3533
3038
311
1800
6198
7332
1173
3812
3320
415
6941
422
283
6414
2392
1672
7328
6603
3518
2211
1325
3519
4051
2833
5898
4991
1460
2491
404
5928
4768
4549
254
440
3453
5305
2217
5847
3019
2891
2769
1359
6726
4008
5361
2465
4854
2883
4718
4690
4577
3611
2574
858
7155
1091
4742
4159
2582
5746
1079
853
4697
7024
4292
3947
5463
3662
1693
5751
6781
2823
5260
6724
6189
6899
3298
6409
6810
771
5688
3364
1871
5075
1190
4630
5520
7380
6982
6617
381
1032
6378
501
3734
6952
4563
151
3639
2757
5697
3484
3059
6140
920
1346
6211
684
1427
5015
337
90
896
1775
6674
960
4257
5184
7372
2704
6061
1737
934
2755
4683
5958
7479
6118
3424
5068
854
6013
5360
3158
2990
1320
7300
6926
7181
3694
4342
7083
5182
5801
5822
1357
5841
4653
4925
1525
6501
3451
6508
5921
6992
11
479
624
6252
3658
2065
2248
2279
4791
5275
6089
6139
1005
1165
5759
655
6449
5171
4668
2129
2301
5164
2190
245
6146
879
6243
5368
1134
1268
551
2457
2723
1096
5192
2148
5024
5146
4126
7045
5605
7247
3828
2780
5478
7283
6692
7014
4140
3955
5996
3372
1317
970
4358
3387
5396
384
6022
6770
1095
6599
347
2551
3580
2598
7285
1596
2161
4025
1685
4692
6814
5861
2107
2545
2320
830
5677
1952
6217
7277
7235
1004
7149
7136
4041
4258
7160
2213
7473
4871
7485
1612
792
3764
6017
5417
6865
1561
261
2410
2293
6758
3956
6670
1831
6308
4943
3834
1659
6428
5347
5998
3669
1008
2464
583
4910
4771
7191
6238
6365
3899
5213
4099
919
3061
660
5721
7258
2010
7377
433
5629
7188
2467
152
3361
321
3747
3538
4024
811
3636
4671
4484
5298
1701
1942
3333
7090
5839
1687
1420
6141
1988
4413
4500
6116
517
6597
2878
5014
339
7168
4518
5061
3087
598
7229
3144
2387
1144
4080
4045
5176
6244
3415
3827
3289
699
2621
3896
252
5748
92
3266
1964
2399
298
508
5930
2030
2363
324
4459
3142
6291
3717
6171
5852
5916
5979
3174
3385
1308
3621
2222
3735
5579
2316
5124
6359
2225
5588
2770
45
2490
3536
2846
589
4937
6332
7383
3974
2056
2543
6322
6402
7001
7006
576
5672
7120
6939
5989
1372
1519
1378
1393
5436
3798
64
868
6534
6168
2509
1294
7458
3326
1761
6154
5255
5519
6326
3846
1293
4533
4983
4632
3797
1963
7147
6010
4266
5448
493
4090
4163
485
4520
5259
6532
2612
5566
5668
5740
2941
6382
4387
3814
2483
2999
4631
6961
6490
6790
4794
4170
6122
7173
4673
1658
1545
475
4176
7457
6584
2001
591
5817
1261
4451
547
6114
1896
3327
5166
1006
6644
2124
2828
2070
5249
1563
813
4116
3288
3004
4290
5899
1566
1944
2008
2181
4457
3664
1853
1230
6760
7114
4693
5687
7428
649
4160
3264
7019
943
7471
3337
2285
2713
6215
1119
839
1323
6515
467
5000
2605
3998
3293
3234
7447
4458
7264
177
6729
1648
4033
2974
2886
1725
4821
7459
4162
3915
7129
145
1606
4278
293
5704
3532
406
1211
4375
4096
6272
667
2920
1131
2660
2894
7161
1267
6192
7059
6441
1370
885
5834
5163
5538
3418
6351
6718
4303
1086
1557
6719
5631
6486
921
4301
1548
4579
390
6575
5680
6938
7062
974
3329
6833
2753
6537
4823
2134
7290
2414
1248
6538
5722
1906
4727
7259
4086
4128
1139
227
3260
2009
3200
3627
2665
7341
1483
4713
1275
2531
4739
4400
5452
6737
4448
5453
6031
6870
7080
351
1575
1534
6437
1836
262
1690
6601
7234
6613
2197
2738
4318
1950
6984
3120
3741
3388
6514
5553
6480
6816
998
6067
101
3362
1200
5617
2312
5716
229
5215
4405
969
4351
6746
3679
5130
478
1730
5103
3476
3616
3181
4864
5477
3861
1558
2570
1550
3750
3274
3946
3923
3648
4893
5640
3094
6607
3868
4490
1757
3931
6069
2716
2087
2145
7325
5796
3051
6055
2022
901
1438
6042
1016
1355
592
276
3227
5978
5129
4152
6340
2350
7323
2287
4305
456
5626
4129
6582
5925
1901
3429
5256
1599
7070
657
3559
4048
4173
4205
2250
5557
4299
3340
2067
2965
669
4695
6893
1971
1823
4847
4612
5089
767
5340
5093
3182
1541
155
2784
4741
864
6957
3499
658
1351
4335
5498
7248
4137
6735
1011
413
5564
2140
3277
5470
4610
2029
1783
2504
5533
2345
1657
514
4472
3162
442
3303
1505
3963
3723
4511
6218
5717
332
6233
3007
2286
4506
3688
926
7025
5010
2035
2229
4975
2635
48
2072
6531
2600
4658
6488
3991
6406
2417
4132
5264
2792
6914
2346
3978
1965
2021
199
167
6041
2075
4642
2191
3128
4058
2309
1510
5660
4184
4222
7393
411
2047
3540
4865
521
6851
4802
6430
6854
98
27
5222
3224
3986
1638
2865
2469
3620
2577
2670
4790
3416
3799
4077
6320
3745
2800
1727
6029
2700
4662
5370
3842
273
1226
4806
5889
459
550
6655
2781
5642
6048
5355
6695
5577
1090
3577
1167
7287
6076
1940
6659
5794
4994
5494
6468
6413
6033
82
498
7284
148
646
6393
2364
7302
2428
7390
1201
3806
6595
1961
4888
4635
3930
3463
2869
3151
18
147
2421
1265
4850
4986
12
7449
215
5092
5160
469
6745
3565
1232
1939
2556
1738
3999
832
642
7033
5900
4415
5358
5316
935
2594
2731
6913
3237
1078
2164
3366
3122
1343
230
4219
7183
6506
6780
7108
6990
7486
884
3659
4732
1554
191
1732
2112
414
3755
2066
2204
722
2850
2347
4886
5884
3037
3753
4167
4127
3183
2810
2099
307
3824
6624
1914
5499
3571
405
1398
3036
6925
2955
2993
4270
566
3138
3934
816
3568
327
2982
4271
594
3336
607
809
4778
5947
2256
1838
6306
6931
4064
5863
5783
4699
2707
2748
515
5879
6164
233
5386
750
4338
516
6327
4186
5734
3732
6268
1647
530
2484
2440
906
1720
2569
2664
4728
7146
2725
5572
5537
5137
724
3378
5423
990
6679
5473
6131
5338
2296
3829
5065
3867
7262
6297
4216
5602
3308
2619
4945
6102
6588
7414
4385
1688
2128
23
6867
3478
4030
2627
7275
961
3409
7081
2532
4753
5391
5914
1590
6509
3910
6292
7233
447
2455
1947
7068
702
7144
3811
5172
1514
1533
3837
6074
5322
6630
5862
1708
7051
117
7091
6294
4633
4970
4453
5332
5645
2787
6559
7150
2460
5384
3684
951
4067
6213
4269
685
4071
2401
118
5869
7330
2368
1488
5047
4483
4125
6520
543
4968
5314
5442
3185
3520
6491
4749
4917
3691
645
3801
1539
195
1603
6494
616
6979
7030
1654
2360
4138
135
2724
3349
6492
3941
4966
670
6548
579
3446
6128
3005
5760
752
5273
860
5062
4119
3937
6640
1643
3626
112
2173
7434
3177
7093
6184
5744
6908
4074
2322
3287
3365
3671
3236
7020
1218
1089
6839
791
527
4710
4374
5424
7296
2888
2356
3857
2449
6594
7382
899
804
4203
6133
5464
3901
4977
1869
5893
7011
4359
2544
5472
7176
1827
1958
6809
1063
5502
3474
7040
958
3113
7246
7470
6080
1709
5118
4154
6255
4326
6038
446
3304
6782
1362
3783
3290
5927
2884
7431
6556
4796
5026
4034
812
5325
4192
190
5690
2739
1447
4047
7316
6878
465
204
5874
6948
893
1314
4838
6234
1192
3743
5606
6289
7474
7365
2945
5813
5771
6248
5085
4538
912
3893
873
6095
6907
6003
3544
3069
5726
3786
3460
7029
2711
5242
1103
2372
1978
5912
6394
5319
4211
2798
3809
5820
4440
1678
3172
597
289
4810
7127
6253
6059
4729
3598
7488
6920
2495
5038
4974
5076
5944
1873
2585
3464
1828
2875
3794
5074
3888
5823
6742
4613
758
6144
6246
