3599
5085
2759
815
5635
5811
6252
3314
4805
6485
60
4806
4950
735
1487
7446
2795
1102
1175
2313
3643
6017
3191
1479
4664
4964
4647
2462
1744
965
3546
4095
6413
1163
3559
1384
4054
3976
2974
2088
5101
3490
4420
3192
6970
496
2543
1172
3273
3298
732
2129
258
1378
6299
571
6993
411
5832
3938
5446
3789
4605
5563
1521
7100
6813
6647
898
4621
5468
1909
5124
68
1778
6074
5392
7442
5774
6626
6908
2175
5307
3230
6661
4960
4655
6954
1018
64
3922
1670
844
2664
6508
3402
1128
4432
5925
4797
2770
4822
2676
5397
800
5180
436
676
6179
6446
2977
5686
6236
6792
1982
524
5887
6240
4835
5890
3434
904
3107
6694
645
2257
1381
143
2100
2144
3875
1398
4199
2789
6510
3084
7062
5486
1988
2363
2354
393
3691
4389
6524
3000
5431
3956
7052
4796
5645
5154
1153
961
696
2720
4843
2278
1322
7083
7347
66
710
4183
2615
3024
6638
1403
2596
5646
3784
1197
2249
3211
2796
6790
2288
4083
4408
6660
654
1199
3855
3149
1856
6324
1743
2990
5895
1542
4082
6296
420
4547
1083
957
2697
793
5172
1941
100
5972
2603
6088
4784
5053
379
7271
6987
6889
575
4623
3413
1995
5060
3320
3370
2232
2864
3770
5030
413
7465
4712
3621
7237
3108
5502
4115
236
762
6023
4759
1130
2436
3921
4614
3618
4695
386
5571
497
5309
2644
1985
2954
4686
3925
7030
5793
6228
3236
271
5335
1943
791
689
325
2986
707
4136
4685
5683
4335
567
2221
7093
1829
2420
2715
7166
2184
4144
5263
3493
4747
552
4677
773
2449
5945
5399
495
1226
693
5656
3461
2944
4237
3451
2164
3515
7024
121
4908
643
3630
284
4831
1608
2005
5570
5610
5226
1182
5380
5522
5342
5459
4362
855
95
4781
807
2713
4782
4007
2689
3573
7267
4955
4058
7451
3876
4069
5860
1270
6835
3564
6557
2535
1947
5564
4443
6831
5386
2292
5178
460
929
6318
6914
3872
2761
3376
3706
5005
6840
6253
842
1565
6176
1750
3687
2442
3580
7356
1983
159
1323
6011
5032
1243
1335
4239
892
1980
4738
5063
3830
7163
4188
5652
5550
2241
5765
1570
1877
886
4399
4000
5696
4497
7225
6418
2247
7223
6704
30
753
7164
6504
5520
5364
6057
7116
1951
1898
5304
3297
947
97
6885
2052
2825
6183
5755
6420
1536
225
7145
994
2176
2762
3116
658
6714
4185
2375
1699
4656
5421
3622
6160
164
6188
3878
6021
7485
375
1886
6247
4222
2686
3252
1665
485
4851
5584
781
1687
1921
1273
5422
5777
5943
6220
977
883
2806
5874
7190
1156
6600
7250
1168
4439
1793
3680
6863
5768
5525
3841
2787
4926
6569
7049
1658
1185
3049
3620
5657
1101
4963
6843
2873
4729
2731
907
2206
7409
2700
905
4142
1839
34
6287
2387
6170
6093
7132
155
2325
6149
2959
938
5418
3076
4006
5820
4636
6424
181
7445
430
2337
667
4830
6159
3342
3409
1120
490
3730
1331
3241
4941
1648
7168
1768
3200
4266
4976
7068
6426
4233
949
2626
6222
3073
2062
2500
3928
823
4535
147
3140
1160
2454
5066
2516
5771
4028
7123
50
629
1419
2790
4065
2331
174
2714
2605
1721
1656
1037
3905
4509
3452
5669
232
2287
59
1021
3318
937
7160
2719
6854
6328
4299
652
277
5348
6163
1012
5497
1955
5983
5326
4991
2634
5331
5931
3783
4073
6725
7448
1888
1722
6552
480
6592
3448
1967
783
6544
5523
5505
5989
5609
6901
2072
1110
6409
7077
3081
1828
6698
2197
5827
2901
6212
4398
4452
6486
7098
6971
2707
6394
5904
6684
3982
7213
5776
3787
7178
3957
1475
6244
259
5718
2450
1573
4649
3114
5693
3189
6640
2729
4270
1251
5020
1575
921
4425
1098
3628
2844
2514
4129
1892
1426
2397
3422
5160
1779
1347
5653
1388
5360
6461
6630
4100
5176
5986
7092
6448
1928
385
817
6276
2996
2675
1770
6054
1263
3242
3034
1437
4588
290
1217
6417
7383
2411
2219
2194
185
6584
6321
2693
282
6281
7227
5867
542
6147
6491
6000
5726
2557
1702
7115
120
5193
2010
2342
5539
2151
6507
6161
6111
6832
4990
2539
5181
2509
349
3803
7183
3155
2275
2965
3488
3616
1844
6355
6726
5831
7461
5685
7453
5318
3495
2192
6871
505
2130
4251
5202
3412
4347
3606
6846
1532
6178
3064
1121
4217
4872
4122
1282
6431
4659
1557
4297
7012
5099
4221
6009
5074
9
4945
6957
902
6791
7042
6752
4587
2237
2060
3756
3207
5856
511
4320
4485
7026
4099
5592
2531
2560
819
1291
2476
2280
3732
5816
641
3329
5133
7472
6680
391
2913
1644
242
2820
3516
1393
3231
736
5297
6250
3112
380
6050
3350
4009
5738
6494
5332
6221
2983
6048
924
5766
5021
6897
5352
1945
1992
761
6789
2610
2215
3952
1663
2364
3054
4817
3757
3136
2327
1108
7021
7469
7033
4925
880
2284
6860
1451
4807
5106
7429
3839
884
463
606
4887
838
6816
4050
4387
1402
6701
2962
6656
5626
1498
4419
1142
2058
7101
1457
5471
4618
2259
758
4560
849
2556
4241
2298
1813
329
5328
2493
5957
5719
3381
594
5218
6988
796
5341
5633
132
2809
5215
5064
1926
5779
5461
5472
4077
1825
6939
7463
1358
2680
5358
1196
573
427
3036
396
1591
5004
3158
424
1000
7483
747
3776
3867
6566
526
6903
301
5055
6317
264
4091
3077
3966
5812
6768
6774
726
4733
2622
6135
7322
2311
5367
4445
7006
6305
6138
1328
1792
6381
3317
2808
6217
6272
4160
2295
3833
5845
4922
498
5700
5363
2551
2281
3296
5271
2118
7404
4773
358
647
1775
2104
4113
2717
3010
7228
402
5573
4258
6910
1510
4349
4546
6289
4488
403
5823
4612
522
4671
4015
5730
5282
6922
648
5655
5727
5708
2289
4828
5084
7456
1327
1258
2489
3194
911
3556
2446
988
4365
2777
2186
364
4496
6364
6438
3986
950
4595
1356
71
5958
7199
6893
6279
3854
5002
1579
7434
3605
727
835
4911
6982
6362
4923
161
275
6239
1261
5056
6404
2726
1717
5712
5287
4734
6818
2273
5454
3264
7340
4454
1117
737
7367
2011
6699
6949
1754
4205
6029
152
3786
2347
2006
5339
6342
836
7200
51
1533
3665
1264
7211
4959
1505
3127
1493
3113
3916
6623
6232
6072
3869
1221
6402
2832
5664
1407
3013
4634
1136
3539
5163
958
5519
581
6345
1598
87
1444
5408
6209
2001
3859
553
1056
3182
2524
4024
3202
7056
1118
7215
5524
6154
5942
1589
6902
6999
1966
197
6180
4179
2951
5306
4957
4004
1274
5417
4156
5927
772
1369
5432
127
6920
5608
324
2467
2658
2178
2128
3529
2989
260
5220
1740
3656
5808
1017
5485
2857
3955
3014
3337
3471
1240
11
4596
1408
980
4140
4638
1799
4037
1308
1134
702
5070
129
4912
1931
5110
2912
2723
114
7257
3045
440
2338
5528
972
454
5138
6657
6068
5108
5261
1602
4421
1137
4215
7298
2414
2447
6615
7329
3645
5113
1706
3438
2216
1545
2340
4294
5173
6351
6631
3428
6387
4660
5509
858
5918
3339
5246
5764
1495
2839
6427
3750
4700
7041
4177
2035
1851
1372
1904
1698
5746
6520
4620
4444
4325
2691
6749
7457
4631
6806
6785
4753
724
187
5556
6031
6659
529
3489
5006
2579
1209
2950
5051
5853
6210
2461
4381
6606
720
5365
3483
153
789
6410
3068
311
7192
4150
279
5442
3569
1899
3119
2803
5156
6500
4298
2202
7251
7147
6425
7443
7370
3850
3591
3425
3739
547
6866
3385
1277
1267
154
5474
6798
2291
4405
280
37
531
5711
2402
7314
5238
6928
7308
3442
4823
1360
484
2548
196
5947
2132
5695
776
7306
1190
1929
738
7104
4741
585
3504
663
5993
4865
4517
206
6134
3205
5964
2734
4400
2684
2398
1075
786
1313
1624
2252
5375
4234
1252
6131
6872
6216
2168
1846
4542
6007
1065
4382
7433
4293
5916
2822
1866
2671
3918
466
4472
6207
5239
6234
1334
4376
642
593
7279
6307
2826
2847
2122
2027
178
7139
6800
2355
3903
53
3170
1540
1619
3369
4665
5058
1553
294
1773
2481
7125
7234
6423
1162
219
7059
4385
3914
6586
7481
6983
300
1149
3168
3145
250
1580
1074
888
3541
7325
7124
798
3302
3819
56
4495
4017
5818
5698
4540
4166
4231
5552
5112
2505
6713
4331
17
4071
6907
3173
3500
5944
5115
4276
5493
2328
5401
6284
1445
6001
1116
3827
6512
3187
2589
2431
1456
1283
2588
1887
6947
5305
6550
1949
4694
3057
3221
6554
2604
7467
572
7361
4512
7146
7366
4125
865
1918
2087
7260
5081
389
6899
3065
5611
5049
745
6339
5457
5374
7406
1617
6297
1433
660
634
3600
1453
5275
3941
2095
5162
3253
4404
2755
6997
7204
341
2395
5829
168
4273
1364
7371
3310
5800
1848
7074
3672
6082
1375
1798
1502
4846
3259
1830
6325
1623
3303
1341
1539
3232
788
5235
1558
7162
7364
4583
7112
5787
6715
739
305
1180
2053
6291
2527
1488
4842
3720
1145
5158
5299
2816
601
6739
2285
1878
3443
1480
2474
6780
1576
5875
1838
5227
4301
3255
72
3468
797
945
1882
3143
4412
3743
7013
2570
1089
4329
7420
5159
580
2827
4341
3366
5023
3526
787
5232
5912
1039
1338
4645
5395
5859
4269
5094
4005
4675
935
1901
2736
2611
3473
716
443
2638
4632
3610
6581
874
4667
7246
2533
1703
4788
1574
6428
3782
3684
507
5806
1975
4936
6487
6206
170
3996
4839
4507
3817
1486
410
2969
1814
1262
6406
5803
4523
6815
992
5968
94
2916
3992
603
351
144
3340
4027
2929
5869
504
4905
5090
5223
4500
2224
5093
3705
1368
1637
4732
7017
6003
3576
6086
6890
6760
4653
4981
5091
4886
1568
3858
4718
3949
6992
1165
6878
7135
1731
4392
1790
1695
6951
5065
6230
3020
4702
3886
299
377
455
3281
5000
2606
6184
4409
3144
5150
3584
1805
6635
194
4228
1885
6553
743
29
6881
7459
5219
4837
202
2692
6073
5117
5975
5189
399
5667
509
6130
2567
5147
6241
5211
2425
4578
4569
223
6405
1028
84
4204
1099
3326
1843
2111
3031
3269
28
6940
6267
2018
4019
2410
6967
4552
1235
6096
6900
6786
6820
1782
1186
5080
3543
483
321
6357
89
4244
1405
6308
4305
5955
4022
6817
2336
1705
4625
5654
6367
6690
5123
6260
6535
821
4312
5798
6610
5504
3998
6568
4147
5495
6365
1167
4498
6709
5389
2850
5671
1228
1605
2874
4935
559
346
5171
7060
2907
5498
7449
3183
6266
2036
3879
877
4456
1132
2661
2351
2946
5376
901
5813
3387
5928
4202
266
169
6734
6012
2899
4011
2470
7310
1208
4767
7293
662
6706
4252
4070
3880
1993
1916
5637
7273
6084
1143
110
2830
3533
919
1382
2067
5122
4538
4993
7170
3254
6708
7073
7413
2057
2417
5410
4457
3330
4240
2321
7484
5830
3197
1697
5087
4493
2253
1059
6924
6577
6551
2696
3805
2640
942
4610
2576
4952
3485
7291
2541
537
3965
2785
6449
2138
3532
148
1406
7399
4850
5276
6329
7117
5337
5387
928
4038
802
4008
1820
4308
62
563
6564
795
5406
55
2838
5354
1816
3042
4102
3353
1045
6338
6828
156
3156
7129
5574
5291
2121
4336
6829
794
3440
4086
5368
1020
5256
4196
1133
3612
2307
1473
3797
1227
5347
3727
4522
6681
6025
4543
445
2892
4524
534
4982
1972
6128
1397
4143
5390
3460
3548
2932
6189
6633
4772
4052
1365
319
5903
6917
4651
3558
5981
7473
3278
2465
2529
805
3953
2709
784
2134
4441
3247
4229
873
2558
209
3698
317
3429
7330
6208
1438
482
2080
6151
27
2377
6856
4377
135
1981
7311
2139
3250
5185
2279
2234
179
213
4882
2152
2007
1482
3458
1548
422
5487
243
2643
2316
3816
234
5208
1837
4875
4888
1100
1040
7326
523
4096
6604
7353
1766
2618
2869
5615
5734
3069
4355
1610
955
6787
7217
4157
5543
356
4093
1710
5483
4525
1319
435
5456
4847
2073
5096
810
2380
3629
5308
1212
1620
57
6204
274
1818
755
3583
1275
754
3625
1506
6960
3760
4431
3764
5107
415
7349
2546
674
6435
3700
1808
2953
2251
6521
6231
1803
7206
3870
7235
1559
2039
4
7327
1745
6565
6705
4894
4801
2198
2290
5209
4584
2942
4961
679
930
7290
765
6087
4754
5164
6002
4891
4010
6609
1871
2343
6959
1586
868
362
6195
2793
513
3927
79
47
2934
1821
162
2360
2614
3840
6171
4289
291
4820
5670
6637
6006
1174
4067
3395
1144
7154
1622
5828
26
5310
4021
4433
5865
756
616
2038
315
3608
3661
2800
3122
183
3098
4581
916
2699
5440
869
4956
5373
3961
3692
2260
3030
3862
3709
1069
3586
4736
4311
7342
5016
3704
330
5346
7032
3713
3851
2745
6323
4730
462
6733
1465
3322
5881
3762
2882
1612
6200
2383
3185
554
2728
1719
6991
4984
2971
477
92
6915
2146
6421
2646
619
6601
5913
5969
2669
2013
5970
1590
2223
3262
2812
254
4264
3005
5835
7140
7137
3798
6430
767
2400
1057
21
5589
6125
428
4910
6238
2507
6672
4223
752
7462
1232
1893
4344
2624
1311
2469
7331
2230
4101
2201
1747
240
2780
247
3699
2868
2802
276
586
1417
441
5963
3979
5790
5804
1795
6052
709
4280
678
2681
2885
1035
6533
6652
7010
6875
5729
3563
1348
7324
3655
1047
286
4931
292
3594
3968
6695
4081
5725
4375
5647
847
6092
3652
4871
5839
5278
5129
4832
4327
2887
1794
1979
4043
2958
922
1504
3887
4566
583
1459
241
4744
2419
6192
43
2920
4243
6541
2
3983
5978
1730
4119
4282
6069
5086
1807
1567
7380
4480
6198
829
2115
3649
4995
3795
3937
5315
2106
1354
5753
2352
3882
5575
3123
5398
3217
5452
1999
1244
6047
3877
5763
2068
7358
6729
2831
3283
1158
3507
1423
7064
3455
769
6925
4207
3547
1696
6559
2760
4996
5499
4134
1923
3695
6124
3634
5577
1265
983
6570
7
217
409
1200
499
5490
2322
4574
4098
3208
2941
1191
3396
1627
4072
3291
1641
3120
4468
5143
3582
123
4854
5188
704
4504
5095
4453
3163
2757
4306
4044
5473
2250
481
2980
4334
1210
2245
4210
5435
4808
1285
4486
6849
5735
3737
4786
1400
214
6636
1490
2135
6904
6555
1737
5744
145
3647
5194
134
7015
1176
5327
1501
6141
478
4209
5826
3519
6516
2091
4290
4545
690
3752
2112
2211
4654
8
3679
5379
125
2009
6028
6481
2407
2163
4929
2600
2966
450
668
1614
4642
1942
3579
4326
639
2487
3677
4774
6827
4193
3223
3693
3857
4152
1494
1394
2961
7372
5585
3538
5521
4031
7221
2452
939
5527
5636
6471
3
4670
3531
2460
7111
4268
2276
6643
1093
5821
2167
3811
2491
5059
5225
6984
3478
1297
3891
3701
6783
3346
405
5294
2023
6343
1458
3082
5216
35
5624
7181
5076
4720
4506
4594
6687
1520
6027
998
3754
6944
4580
4126
2872
6579
7408
6371
4261
6919
6415
6547
6882
3130
417
1361
1659
1233
7444
5788
1257
7454
3063
544
6743
5802
2538
3948
4257
618
4448
492
186
688
1401
343
7341
452
5007
1250
2271
1066
2434
4501
1636
4045
7315
345
7085
1937
3091
4481
5200
4088
1443
4943
5429
2811
142
3368
447
2895
6399
4604
265
6024
6038
2782
5427
6458
4181
6063
1201
4726
1876
1091
584
3167
1033
4758
5228
1729
5008
41
6858
6132
3199
3768
853
1571
6864
3657
4938
6693
6587
7424
293
3517
4287
6043
309
4380
7486
7379
4040
1531
4928
2159
2119
3162
4390
2553
4679
4435
5514
4163
4593
4018
6913
2510
6839
3299
4616
7149
7034
4920
7389
7352
6782
1752
6396
4316
4892
3016
1948
5554
852
1315
2871
4787
1155
2799
5286
6167
4724
4749
4795
1164
444
1968
3772
3315
6115
4049
3090
5075
6045
3399
1048
831
5767
176
4527
2915
5501
2776
7244
6051
1070
4479
4803
1950
2430
7127
146
3356
6153
96
4878
6142
670
2076
2632
1872
2930
570
3823
3550
2049
5104
2300
5412
4978
6673
3237
610
2649
5737
207
4559
7407
6527
5039
5976
7046
3545
1642
4992
4598
3086
75
5221
2082
3609
6691
3148
4951
896
3980
3964
6263
3007
6255
7386
1564
4503
5590
7091
2861
7292
1027
6042
2496
3627
500
3812
2155
2515
7401
1094
2994
5848
1062
3152
2423
6156
6366
2143
4731
811
1919
374
1784
5894
7142
2002
6258
6116
2998
5248
731
1247
2849
6447
4696
407
3362
5448
1050
5682
1236
160
7144
6191
1787
5411
6499
4060
7392
591
3794
1600
5433
2196
2392
4214
3047
7152
4896
3592
4337
2855
310
4084
2903
3151
5345
6682
1646
872
3388
5443
6336
3059
5950
1476
7089
3686
3280
6717
426
2254
1618
1225
923
3963
596
6862
1669
5359
4810
717
3785
312
6071
1306
2451
1410
681
4766
5578
7313
7393
6662
3703
44
3895
6814
5082
991
5666
1897
4275
3209
1010
6095
4478
6772
7187
6775
1961
2710
6452
2900
2613
255
5822
394
2732
4051
3989
5015
3486
6397
6514
7044
6150
2376
6294
3929
1760
387
5517
6295
5594
6627
1460
3238
5350
2517
1890
2617
201
7179
1427
6689
2758
843
459
370
2394
5426
1
4182
4600
6996
1723
2154
4609
2735
3389
7053
5649
6978
431
1483
7233
2348
1096
3492
2528
5675
6645
5906
6961
4492
1953
5300
2577
2590
5251
2357
7113
4589
4627
3213
4076
6114
2367
4279
1672
2949
1278
2350
6412
706
1786
6283
2798
4727
4880
7252
4066
2960
3759
4487
6737
3374
7184
1019
1519
1052
5233
2258
2225
4761
7489
6966
6056
4458
6269
333
1151
6089
5344
2378
3105
3051
555
2218
5140
2226
2552
3228
326
6877
2910
5935
2473
7474
894
6799
5740
826
2187
7191
5134
3006
6118
2722
5258
2987
3825
3277
433
3304
4025
1416
1592
3837
4423
3639
233
16
4714
3566
590
3912
4698
171
5255
6732
347
5037
599
3436
5687
910
416
2246
2804
6765
1385
2678
2266
2492
3725
2346
1491
6663
2382
4490
2098
2193
1895
1123
5864
6262
193
1870
985
4353
4351
4133
1170
1051
3670
1631
4407
1960
5526
4146
3094
3426
3611
3571
4260
4105
5394
971
5017
7108
4549
437
316
3947
760
1987
261
7285
4794
4108
4972
2978
1976
5971
6106
1514
6058
461
4763
7255
4012
3446
6503
1812
2791
691
2834
5054
2477
7460
7276
4001
3300
3843
3685
6686
4034
1912
6081
5264
6762
368
4678
1318
323
5382
5213
4592
474
1198
2081
4876
5482
3103
5488
7479
1802
4697
4106
3883
6126
4699
6744
966
5555
3411
3306
556
3761
7239
539
4494
876
614
3066
2775
2641
6629
6958
1392
5780
1454
4208
6505
3642
6407
851
2784
6374
1998
3866
1245
2063
4555
6943
6127
4328
5841
845
5369
3358
5809
6450
881
4737
1774
4608
5097
3021
6035
1009
3327
6754
3818
1509
680
7319
6326
5449
5660
1421
4688
7038
6079
3844
3960
7350
6534
2042
7241
4564
714
1294
515
4041
7426
3633
1005
4459
1213
180
6275
7081
4862
2061
5316
6016
577
6411
3523
6462
5805
960
3383
5405
5786
6392
2654
4855
7436
5920
5492
613
4980
4473
1518
5026
3027
5240
1609
4577
860
404
2318
7095
4798
4318
4915
3459
7475
4848
3377
6112
5561
5506
3270
2463
3482
2767
4684
1082
4085
6290
1129
3915
2937
6363
4511
548
4771
7061
6140
432
2341
5349
4194
3901
5168
1296
4717
102
6456
3995
878
6432
6
4867
1249
3394
1534
1081
4919
7388
3873
2587
1396
5288
5034
6105
5073
251
2906
2753
3124
4307
5930
5639
2209
4544
2578
3733
1832
6309
3245
779
5549
536
833
6976
4104
1299
6162
3154
4285
4719
4426
2513
4189
5599
7224
2283
2046
1603
7423
6794
6264
4539
1913
6398
5465
6488
1428
2886
1326
99
1804
2894
4775
3109
4858
903
5907
3463
825
3554
5614
1511
5795
609
3613
1106
4097
4722
6233
365
5598
465
1900
5680
5936
2818
2593
6331
262
4814
7004
1254
7043
2877
4680
175
3390
3758
7105
3099
6528
5311
2004
5489
7256
3668
2022
6480
6386
5434
5857
2673
6384
2014
5900
1503
4561
6400
3524
4974
6574
4057
7487
7051
6136
39
5932
2836
7219
2647
3897
2064
1269
701
6931
3012
3424
3697
4149
3712
812
2841
6593
4080
2525
6614
780
5205
4740
3868
1860
4255
7240
3480
5713
1004
6595
372
2182
5880
5437
6649
6764
4265
3815
1867
4967
2078
1054
3110
2773
4567
906
5994
130
2744
549
3046
4521
925
6942
6059
1850
5834
3790
283
4014
101
4899
4451
2572
3664
1817
1965
6707
7023
2884
5383
6613
6226
1450
918
5545
6678
7039
1905
1169
4103
5789
624
6955
297
6677
4933
2485
3235
3977
5281
2781
7378
1529
5252
3332
1524
6824
3095
19
5707
5739
1963
3856
7261
1126
934
4994
5701
2269
2908
4779
4640
607
2898
721
3423
2370
313
3319
4913
4174
4662
4023
5871
4464
4467
2299
1634
471
4218
1607
4141
7348
574
2801
568
6836
1489
2828
4668
4350
1629
6358
6558
4940
109
5676
5003
1079
6373
897
5533
3749
442
7189
1344
3884
2304
6334
2607
7131
4864
3400
6916
2663
6857
6265
6911
3295
5355
1223
2739
1910
5784
486
373
850
651
2592
697
3946
2074
2936
210
1765
7172
2956
5979
5553
2797
3900
2807
4635
4087
6443
5593
5948
7275
3598
1815
5732
3894
7412
7090
1678
6572
5601
2854
3667
1811
857
10
4813
2737
733
3276
5581
7110
2938
6166
136
2721
2694
5716
5749
5496
6766
167
1686
7288
6313
2703
3229
5861
5444
4470
6575
6121
4277
7287
2332
5702
63
3942
1835
2066
3617
4889
198
2426
814
7106
862
4849
589
246
4971
158
1868
5530
6964
3032
5762
5837
6841
36
4520
3050
3766
6746
6164
7477
2659
7376
5119
3985
695
604
6346
1917
108
941
5289
2320
3214
6823
592
6476
3397
5270
1751
1688
3801
2488
3753
2814
4364
1908
2093
5451
6936
7079
7455
5206
5184
489
1188
1728
999
4430
4856
3771
1138
7022
4175
4513
1064
677
7087
4949
5617
4148
45
5758
5736
3285
7428
3614
3729
1903
1671
1014
5980
3560
669
6104
5551
7312
6076
6933
6819
6416
4109
5336
2114
2396
861
6107
383
1320
6302
1295
5815
3071
6921
5883
3161
4689
3636
5544
5121
3256
1448
694
2625
61
6722
946
5511
253
2867
5388
1582
4743
535
7346
6306
7141
5954
5077
1864
2097
229
376
6014
2308
4816
6103
975
959
4597
3290
6751
5677
5772
4648
671
7381
1861
2388
3224
1914
3102
2210
93
5706
7411
6174
3853
4541
4436
4061
5109
6483
528
7171
7438
646
3357
3824
6995
4447
2975
7437
5161
5114
4735
2652
5620
970
4516
778
5934
6218
4917
7028
7198
3510
6573
3845
7368
1446
6561
993
4310
6777
3567
3234
6472
1964
2943
1666
5280
7295
1080
7441
6005
3836
3201
2881
5126
4793
3331
2967
889
7328
1399
469
2480
384
4826
816
1516
633
6010
5120
7138
6962
6152
1649
1205
2536
5050
6718
2523
1029
5962
4354
446
655
408
2585
494
6616
5595
2763
3981
1336
1290
2878
4191
6340
4904
4029
5751
3906
3832
5333
2813
6008
6278
3578
6738
517
107
1230
3549
2412
3121
5377
5825
1305
3671
3060
5846
4979
2305
3658
131
926
3380
6474
7232
5882
7243
5393
5290
5031
2741
2862
2845
3969
6316
2344
6119
2092
2648
7208
1827
5284
5717
6315
824
2846
7266
6248
1032
3177
5068
3293
3441
1755
2366
875
5651
2149
3755
5982
5720
503
7071
6515
3462
2015
5697
1530
7321
6929
6165
3166
1095
3958
6372
4161
2948
3514
1572
3804
5868
2629
3323
3195
2656
6934
5042
3562
6348
4585
914
6892
6379
1527
5640
725
6113
7020
4463
3806
2330
5450
151
806
6950
1647
228
6757
1991
6391
4254
4973
7216
278
7268
1858
7269
1470
2599
361
6214
4278
6004
3258
4304
5600
3180
4804
2520
1461
5153
3279
3416
1933
4902
7254
1352
3079
104
631
2896
2190
3498
3780
682
6773
4366
4789
1757
5132
5191
6311
2810
1700
1206
6451
7009
1390
1704
7050
458
1841
538
7272
3218
2274
4357
7031
7067
2508
2921
5508
1847
5929
5144
4263
2142
5921
5855
1441
1293
318
3683
7382
5203
5407
1677
3587
1777
1286
5470
2679
3018
6298
4123
5241
3308
5187
6101
2905
5366
2754
5103
785
6469
1031
2408
5500
2848
1148
516
808
6383
951
3681
5951
3588
6484
4840
6986
5710
7405
2883
5137
4391
5285
303
4663
80
6205
640
1442
4206
3865
7011
3676
1625
2851
518
4197
395
224
3405
2866
6201
4531
352
4652
1563
4906
7102
366
6223
3333
4462
4780
822
7173
141
5996
3669
1788
3536
5340
5745
2345
2177
2030
2126
5750
7057
1845
1599
4154
1852
1547
4195
6923
6865
2029
3244
2272
1218
2089
1472
4388
6859
4969
4550
2917
1178
4514
5267
3988
3294
2019
3328
2609
6776
1469
4554
665
1215
7151
1581
2747
3003
5752
6591
2443
157
3688
5616
6801
2582
2317
963
1528
6312
948
1043
3414
2189
4477
5012
6506
6457
4281
3464
1997
6110
3176
6603
4384
2566
124
4158
6753
7157
1466
5098
2037
5046
2888
367
2028
6607
828
6213
2751
4750
4422
770
1595
3175
5116
3311
4785
3848
4075
1873
1585
1440
6886
1640
4704
1727
4401
2222
126
6185
4914
2044
6658
1353
3534
6020
4701
2909
4809
3355
4897
3707
5689
6779
3078
1432
1701
2670
5322
5872
4590
2554
7304
6795
5222
3993
6938
4966
7323
6368
1154
4171
5057
809
1003
3773
7230
3115
866
3820
1439
2925
4165
4988
215
1141
1471
4932
2935
4322
3392
2947
2945
2993
1333
5992
4954
249
4219
1317
3930
273
6721
4755
5849
7363
1739
560
1615
2504
5794
6293
1497
6190
2677
4530
5378
4332
1996
5997
3052
2384
6261
3511
3011
1977
6620
1500
501
2120
1077
4757
6477
6497
5638
2973
1383
2623
1849
355
4708
2645
7360
6196
5879
6956
3896
3246
5083
3017
1956
6668
4570
4296
2365
7335
4167
2475
1478
4711
5128
757
2963
4247
6532
3126
4393
1626
6040
6041
1911
1562
2651
6168
2334
4939
4455
406
6861
2519
685
2494
1086
4607
473
1762
5940
1166
932
5503
6651
6761
4615
1046
6683
4226
565
1863
222
5415
5733
2765
3407
1713
5843
1499
7387
6137
4168
4256
3193
933
4172
287
4626
122
6736
3433
5773
7040
2750
986
4859
750
766
3945
3637
1008
4624
5229
4673
1237
448
561
2083
3788
4829
5576
7229
740
830
3055
1596
3226
5990
1797
4368
5183
6821
3418
2166
1569
5591
7136
2381
546
3037
5475
3722
6560
208
1119
4491
1292
3239
6511
2499
3138
1643
5403
775
1611
289
4352
4977
1823
3717
1340
6994
6588
1879
5259
5911
3023
7373
3696
3040
1477
1321
7212
1357
3198
5663
4303
6883
5632
909
4434
7270
7176
103
2852
715
268
2070
7029
2391
4529
2368
4617
6990
2833
6493
6674
7035
1535
304
6482
3338
7259
4020
3029
1351
4639
6172
913
4510
6807
1932
6847
3970
6685
3813
1304
3650
3080
1732
3603
5317
4760
6927
7422
5535
790
3100
2448
2534
4603
3893
6055
6053
1140
2660
6513
848
1072
6403
6518
2695
3135
7403
7432
3415
2240
5648
2627
1725
1724
3378
5961
4681
5338
7245
3908
723
7430
4192
5436
2109
6716
7226
3735
5204
1662
5391
4074
5548
2657
3445
2637
3487
338
1630
3316
4184
1379
712
6797
5847
1431
4164
6556
1746
2586
128
2031
4790
2071
4395
5810
6102
4118
4317
7301
5361
177
6710
3474
7265
1940
5462
2968
6251
2981
4792
5770
6256
5250
7193
6670
5025
3053
3430
5691
3544
2012
6382
2716
4548
1959
31
6666
2752
1769
4987
2486
4227
1152
1859
3160
2635
5484
3561
5973
3807
2045
1927
5842
7048
2655
5478
2439
3092
2437
1061
3607
5960
6473
6887
5048
953
3025
3477
1231
5069
5166
6186
5985
2821
579
7001
2393
344
6388
3919
5778
3991
3336
1651
5531
4824
4811
5949
2453
3911
5643
4220
2312
1577
2048
4713
1253
5425
6563
2620
5512
5381
4253
1555
5709
2356
2955
700
1194
6120
2988
4672
3386
6475
2574
4661
4576
5245
1105
5621
7231
1541
1131
1177
392
6539
2653
7431
887
3104
230
5274
13
3638
4746
5423
4465
4572
5011
2583
5420
3206
5605
2631
5987
296
1736
4575
6540
5650
3196
2985
1307
4676
4579
1806
5135
6517
1420
6696
4723
6597
6679
6459
5541
6378
5781
1990
576
2490
1288
4442
1657
7351
6033
4518
2003
1241
1957
18
6998
3309
438
1377
7005
7238
3863
4343
1430
5606
5027
3718
7133
1694
6501
3142
1735
5999
4283
2928
2459
1865
3420
6197
3842
1939
686
4895
6930
5747
3898
4026
4190
3233
3272
3864
3153
5587
2464
1374
7070
3590
491
7094
6235
1869
5466
314
5102
6414
3491
2484
2096
1676
189
6578
2047
5372
936
7000
3410
2964
5260
5413
1944
1763
7482
1655
1462
6731
4502
2050
4776
3648
4756
3129
4582
5071
1679
382
2712
4079
1554
1015
1970
5092
5296
5761
6769
3690
6519
4053
4286
1639
58
2591
1661
2421
4715
1994
4921
1842
3494
3365
1587
846
2769
2550
6830
3274
638
2970
7175
3150
3800
288
3984
6669
6796
2403
298
1551
4778
2602
1789
5199
7203
5783
7066
2544
5139
6756
675
1716
4860
3134
7277
1187
871
6948
6349
7332
5078
4216
7362
7394
1279
360
4173
2282
7334
5356
3997
4953
4622
5791
4449
3792
1192
6740
1049
6952
4262
4225
2995
2214
4613
1680
320
4985
1613
5873
5562
6202
2616
4198
6935
4868
7007
7391
4573
7289
3019
1073
2893
3962
6080
4410
4975
4898
7421
227
4968
6664
1229
5901
2303
4403
1984
1071
3360
4176
1449
5464
1280
6730
3093
4942
1329
6826
4367
116
2819
6804
5105
2698
5634
5125
4965
1492
722
5557
1413
7357
5596
2335
2418
7121
3904
112
2559
3348
4394
7468
968
2639
6653
2472
7397
6155
2466
4415
7338
4155
6758
6277
1373
3041
5644
4315
6464
4515
1800
3553
5177
6845
1971
2979
1593
3125
3660
1538
7303
4116
3212
2503
5662
1087
7417
7480
3101
4885
2497
7128
322
1831
5756
5136
1272
617
7161
1601
7374
487
306
4657
3432
3265
7134
6702
2630
2730
4710
6109
6770
5569
3275
5142
5247
1776
166
2764
1268
1467
5167
5889
1594
7130
327
4201
6810
1139
5254
4601
5796
6181
978
7109
3999
2939
5052
3417
2372
6537
6465
5538
7435
2084
4114
2594
5547
2204
5866
5836
5588
4682
4748
6225
3574
52
5769
1714
1418
6848
6067
1543
6060
3391
1583
3654
6177
5430
6963
3447
488
2440
3899
3555
5201
6745
1011
4300
6173
4901
3248
7218
1125
989
4770
5792
6932
3810
2665
1115
4650
506
7398
2435
6429
1006
4883
5888
7103
3778
4288
5688
7165
3711
2359
1922
5580
4090
2923
6075
840
5959
6122
3673
7075
5852
7063
5313
6867
3971
5385
7262
5681
6061
1042
2837
3623
3512
2432
3033
2239
2547
3352
22
6989
632
2113
7016
2105
1146
4339
6582
5192
2310
2924
1157
6022
1633
2902
3799
4314
5884
2207
558
6341
7118
7120
2748
3624
285
6809
7344
5089
587
6945
3496
3313
4309
1616
2778
5321
6436
864
6837
6605
6953
4145
1708
6545
2056
5641
3907
4372
212
3731
6583
5974
3902
3061
867
6608
2181
3263
890
5597
2157
20
33
5041
4586
636
6530
4709
6361
6370
2601
5941
3838
6337
6855
4092
6834
4599
2079
6320
48
3716
4232
1363
5351
2853
3509
5674
1173
4873
5269
269
5458
6803
2369
4324
1219
541
5631
7263
5723
5899
1935
2561
683
6665
2422
5088
5035
1597
1289
3009
5915
2672
3159
879
150
2511
4321
4884
650
5515
3089
6628
6525
3923
2054
1412
6099
3219
6282
3325
7415
3973
6285
7316
493
4838
5782
1447
4446
2931
4643
118
4983
2598
6490
4002
520
354
6596
6644
7148
5024
2021
4705
1345
813
1715
774
768
7320
2069
4721
2329
4055
6618
5438
7008
3736
5330
3821
3188
2999
2349
510
987
5186
6224
390
1150
3881
137
4563
4319
2102
3043
7307
5565
1436
5754
1924
7471
3476
2478
5210
6619
3972
1707
6344
6034
2229
7195
464
7180
4360
4284
3074
4230
543
744
5759
1628
2161
6585
3746
3261
6611
5851
4048
6062
1902
719
348
475
6442
5257
2549
3889
5272
1455
4751
5157
2545
2242
6590
24
479
2805
5062
1826
46
3714
1216
1222
5939
5673
1203
5036
4438
1496
1409
4947
3106
7186
891
6249
1376
2542
803
713
5303
3644
4565
1857
3015
564
2297
3834
3475
5100
6408
3249
4137
4460
6580
4844
1053
4348
917
6129
1159
1411
2564
1660
3204
4250
2746
3505
4396
5892
5917
6531
2702
425
2865
4752
2172
3525
3913
173
1044
6621
4558
2829
2086
7305
5833
4783
3935
205
4918
1771
3747
4033
7003
5212
6245
3728
6594
191
3044
3503
5922
1387
6333
1425
5699
920
83
7302
7084
4078
3987
7076
1481
630
3775
3944
1001
4212
7201
398
2158
6598
2386
1092
3675
6440
893
2385
2309
6747
6648
5268
2059
7337
5217
1314
1653
527
2148
357
5623
6292
2208
649
3734
1549
4916
1772
5334
4416
6495
3184
2205
532
2315
3796
4768
7153
3266
512
7339
5721
4637
2147
7400
608
4131
3210
184
5409
2371
4110
4213
1934
6642
2914
2824
620
2708
3874
1211
605
2220
995
4153
2141
2199
3334
7058
6728
2008
6108
2555
1920
2685
4866
4927
4683
578
5038
4893
3469
1756
2705
3215
6227
6975
5371
7248
3097
1485
1395
940
5566
1507
6145
5988
6974
6502
1907
1464
6288
6905
371
359
2268
5319
7156
6280
4128
2428
1113
3056
4907
105
6375
5536
4428
4970
256
2185
6332
6146
5353
698
2296
3751
1512
6466
1668
4999
5542
5283
6654
2458
1246
2362
2468
3075
2471
3715
5728
3393
2379
622
4047
6536
2140
2445
5491
2170
3540
2562
1189
2101
6793
5933
6434
3453
2597
3939
1214
2742
6767
1683
2740
525
2858
5703
1350
419
4879
3435
1986
1007
3382
3028
6529
4440
6697
1761
1578
5439
1833
5628
6850
1422
6078
2749
6070
7283
3096
551
837
457
6268
6330
1034
5302
6470
6750
2406
6891
6612
6439
6019
7414
1896
827
7188
3384
637
6377
7466
2823
3535
5441
3128
3738
979
5424
2373
1791
2075
4359
687
2843
6822
1266
2863
7333
820
1894
5629
6675
801
4471
252
3940
119
85
4242
1301
5312
4162
5010
3484
138
7390
3572
5416
4870
6496
2788
0
1544
2982
4819
439
956
5314
4402
6157
3345
4630
1606
6968
4909
5362
6246
3742
2779
88
6273
5072
1124
4383
1952
4130
5343
5741
1302
4800
2842
856
7143
1256
6589
3190
7336
5714
5612
4259
7177
6562
5898
244
4532
7065
2228
332
7036
3724
656
7365
7018
540
429
4466
7196
7309
1654
6303
4323
2090
6969
5518
3615
133
3662
7294
199
6286
5402
5480
4693
3527
2389
3777
1367
1067
3954
6639
2117
2094
6385
2957
3072
1114
3522
1002
5029
6454
533
6671
4765
705
1738
4937
2879
2390
3165
4644
3344
5320
2169
2840
2203
4224
4857
4998
6274
1055
5175
2103
2255
5694
4674
3581
7014
5196
3039
3456
4063
5400
5537
3083
569
6784
3351
1349
5797
915
4989
7202
2017
7045
1749
4056
5279
4489
1880
6395
1915
5924
5179
962
7278
5323
2244
7258
6973
4356
3497
6243
5630
4127
621
4342
3888
5404
302
5560
644
931
5301
3371
6852
7440
4629
2482
771
5265
3454
6194
203
2213
4169
5174
3222
5893
7099
4429
4121
1689
4802
1380
281
5045
6542
3570
3666
6946
2265
2815
1664
5919
4948
5014
2633
3740
6509
117
863
2628
1767
339
7197
2180
6523
1796
4591
3406
54
6453
2502
3565
5534
6735
4406
623
6617
2195
7317
1389
4397
3651
1962
4934
944
5182
661
5149
2984
6655
502
4827
635
5984
3085
3726
4295
423
742
3802
562
2972
1854
4170
3646
3951
4537
1060
2889
3240
3257
1135
1097
336
2405
6350
751
4691
6215
4370
6979
1248
4035
582
6083
6419
6805
1303
328
2683
4791
3035
5870
2880
1023
1783
4238
1036
4068
5897
397
3349
1193
1386
854
5731
1513
1068
3934
5840
5896
263
6314
4602
1076
2483
4248
1287
659
5704
3974
7284
3950
1391
6808
6353
5715
1759
3659
2256
4825
6064
2940
2413
5679
4046
1632
1517
6319
672
2571
221
6301
7395
597
5582
3689
3596
115
2870
3268
1220
1546
870
1088
1415
6634
4997
5659
3307
6898
6703
1525
3169
6650
2952
7027
4863
3139
2293
5262
6356
6912
7019
3577
4571
2306
3467
69
1906
1753
7096
2976
2020
3479
3967
5661
7205
2530
6467
6037
3437
337
5040
5243
6478
3401
4666
2992
2521
5277
7470
3871
434
412
2584
5155
699
139
746
76
7002
4508
1127
5583
2016
6257
3847
3501
3157
6842
1298
5760
1090
378
3530
6868
6123
4484
4346
4340
2733
3829
113
350
3361
3708
6771
1371
2125
3373
3286
4528
5236
5757
6100
5295
1734
3814
2361
1109
6894
7375
4427
4852
5668
6393
4739
6437
4703
3597
1463
6492
4112
3260
7247
5009
1638
5858
7264
7249
3568
2231
6117
1260
4203
2200
1973
2108
557
7274
5817
3744
5479
2040
5938
6869
4378
964
6742
859
1359
3118
4821
1508
6327
6046
519
996
3271
5603
1276
3619
6599
468
6441
521
2506
6193
981
5207
5033
782
763
3520
3026
2401
14
4475
1316
3769
2890
990
1635
5151
6013
5
2065
2131
895
1181
456
2859
49
1938
98
6304
7122
6259
6036
3058
2897
1468
3781
5665
6030
6347
804
5118
5357
1954
3601
1824
6389
6211
2922
3593
78
3710
1780
1224
5775
5190
912
1025
1342
6546
4386
6688
4379
2706
976
4533
5018
2792
5165
2756
3449
4032
82
6182
3002
1346
3216
6980
1414
6965
2110
2512
7447
530
6460
1561
4707
3431
2301
2191
5891
6090
388
882
3001
7054
188
711
4853
5876
6692
7174
2137
1112
7107
5131
5998
692
2183
1325
7080
5658
3282
3470
5684
4769
5799
6667
5130
2358
1883
3793
6625
5224
3975
40
908
3835
6039
4568
5324
6676
1404
3179
1692
1084
4658
1958
6187
2563
1748
7488
2875
6543
6489
3444
6455
1085
974
195
5559
6538
7450
673
5678
759
4111
3408
7209
4361
1339
2919
6065
6646
3172
140
1537
2856
5785
3466
4211
2666
3341
3640
7464
2891
453
5044
2991
2771
2927
7385
7299
6271
4333
4646
3849
70
4553
6097
4799
2581
1667
7167
6576
6444
7072
3917
818
4534
3203
5748
1693
248
2153
3860
6522
6567
5558
7069
2743
7025
5692
6359
4690
5230
6018
6981
3828
2438
5384
5266
1058
3472
7478
1840
4371
3892
5642
1989
4246
6433
4619
729
2000
4930
3131
5965
5455
2162
4411
2636
5909
3994
3186
6977
4313
7282
4499
6139
1526
4267
3575
6723
2150
2783
5234
1936
1024
4030
172
4505
4461
5705
1111
2033
4669
4418
237
4358
5953
3363
1147
2433
2024
625
2270
5966
235
2768
7452
6401
1709
5991
7300
5824
267
3674
3147
3631
3070
7439
3354
4958
3508
6712
2238
1238
5242
4236
4135
6380
5249
3678
2835
4834
7078
1242
4519
6203
2674
2711
1271
335
3723
1259
421
3763
3831
7047
5905
6376
342
6498
3506
3087
2526
4890
7037
5923
1682
5572
967
4745
6812
839
6985
4962
7354
4013
239
1161
3398
5863
5445
612
4877
5198
1038
7286
5546
3602
2136
2569
3518
4180
25
