5060
3121
5748
1369
6724
5983
3145
4525
2951
4169
324
5549
343
6654
2505
4387
6895
1035
1191
5746
7463
2797
3571
579
3785
3902
3059
6288
4589
6380
508
2683
3319
5272
146
5086
152
2191
5081
297
7070
7104
2289
667
6247
5136
2881
4208
548
6813
3000
6556
4432
4192
7
1334
3039
5186
4446
3038
2944
5799
4360
1733
6599
2181
6329
6655
1547
4746
4747
6597
1274
103
1342
1238
896
1117
1578
3971
2056
2537
1605
7337
2038
3673
4989
3112
250
6128
6469
5382
675
2337
590
4425
281
1031
7375
3677
6224
330
5454
2961
946
976
4298
4418
5417
4001
5333
2820
2739
629
4421
1167
2300
6248
915
3251
1091
5642
7347
1204
6265
280
5358
4583
2908
1498
1542
7084
1088
3860
2588
4836
1141
7397
6113
852
2280
7433
2845
6921
4528
1382
4494
1348
3750
2840
846
5080
3076
6573
3047
4854
5590
6980
4503
321
632
764
2426
5865
3623
7065
951
3276
1331
4813
7200
5637
2390
1055
5804
7218
5405
5690
7202
5920
6758
2970
1171
5691
7423
1028
4452
2997
3388
2774
3539
345
3089
6443
5427
3822
3721
984
5643
6490
1070
1029
7354
4688
6333
4538
7020
6890
2890
1636
2971
7090
1017
4125
6003
1865
980
5154
887
2578
4541
3004
7142
4487
5406
5917
3622
6779
86
3042
2720
6026
1364
6116
16
1001
3105
4536
1385
5468
2428
3230
6393
1879
6668
4378
1546
2456
3254
2856
1188
4772
213
4251
5664
4203
2413
3358
2293
1423
1773
4871
1862
6249
6560
2874
7059
2749
2986
4440
5994
1136
4234
4834
3129
7138
7398
6421
2345
1356
1451
6851
4675
5533
711
7409
453
6017
5356
5355
2599
3973
2452
5623
5543
3491
1304
6608
5844
701
5416
3659
4897
4119
6336
5825
1185
4
1687
7166
4362
927
4389
31
5589
1521
3497
3752
412
3957
318
5540
4868
3561
6027
4422
4467
3115
4329
5887
1256
3980
290
2602
5361
656
5622
1909
77
1166
1810
3909
6551
3899
7422
5839
2459
7237
732
4313
674
2779
1321
1732
7372
353
4717
5768
6872
4064
7331
1196
6547
5977
1688
4248
6149
6278
1011
1796
1507
1103
3906
6701
2621
3161
6142
4223
6824
692
2536
4736
4586
5886
1491
3289
6404
6283
5932
676
583
4486
2912
2123
3874
7473
7198
4157
3393
4927
118
7217
5916
5661
2176
1323
4590
2888
3801
3937
4849
1435
5583
2132
187
606
3194
1109
233
3540
4120
5164
1024
3239
1257
1128
277
5195
6590
754
718
2872
2178
6230
3986
5189
7394
3812
2799
6591
6240
3234
1554
2770
230
535
4370
5808
5921
4509
5061
6922
7011
5084
1965
6165
4918
1378
1416
6036
5300
2120
1414
4269
396
6773
1648
6098
3439
3988
6050
1370
4022
5312
788
6619
4638
7483
6101
3189
4113
4253
3192
2127
3735
4504
6570
1038
208
2550
6394
3046
7264
2809
6856
4519
1134
5221
4600
4441
2169
3272
1702
7152
1448
5586
6341
845
2899
1765
1743
4296
911
270
3396
1563
4551
2563
2010
6598
7047
4720
6435
2902
4671
2370
6364
5584
6842
1891
5067
5100
1066
2059
6318
4773
5323
2628
622
4597
2978
7247
6309
6806
7056
4920
2637
6147
6850
2948
4206
6935
6029
501
6313
2338
5223
387
430
4913
5738
4970
5115
1716
2160
1508
3097
5196
5041
1037
5321
704
6651
6625
5200
5240
1929
1383
7144
6011
6936
6954
566
3993
2721
5518
6314
4140
1306
626
2011
623
5541
6749
6506
5110
5953
5441
1864
6169
4787
5981
2981
2301
3528
428
7135
7155
1337
494
772
2609
4629
3033
6714
4990
4637
4573
3179
7291
3399
6982
648
4302
800
7234
6647
5539
2469
5439
4565
1528
1745
1360
4650
1068
3685
4718
3425
6709
6117
3441
7016
881
1116
6300
2693
880
3360
1420
6181
6111
1811
4651
2179
3273
1845
3246
5828
3459
5039
3139
2406
5315
5882
2786
5519
6222
2930
4700
3652
6106
6548
6037
996
2364
7222
1296
205
6135
1462
3512
2886
6280
3594
5464
5954
6790
1971
3443
190
2425
4445
4447
4614
3755
6453
42
3817
7048
1749
1617
2253
2186
1900
7001
4986
4728
5479
1413
5587
1539
4615
5725
5483
2399
6632
6200
1561
5384
1231
7245
1151
2700
22
6748
2494
7082
1894
6285
4708
4674
515
3535
1905
4356
7111
3878
2495
2631
6988
5593
293
2013
1972
5194
511
1008
1265
4618
3908
2107
278
7278
4762
4209
4742
6351
5794
310
1576
4789
367
4386
6838
4431
2256
6728
7389
6233
4100
2398
4949
4275
4015
801
425
671
993
2706
2871
5978
349
1986
2032
5435
5273
2383
2153
748
6427
2590
4366
3922
1640
1821
4274
7191
2259
1253
3444
6137
3619
3989
5497
5787
6108
3607
6794
3141
219
5648
1076
1199
2905
1637
6022
5408
17
2093
3707
4722
7168
1983
2309
1054
2229
3028
2527
6262
6931
3232
5076
2017
3559
6751
798
5506
4357
959
4457
3935
3598
6082
3099
2377
1020
4682
2079
1926
995
6476
1766
6674
1598
3573
5591
3565
5846
2630
1366
3737
2113
6131
3201
2480
5644
3903
7250
2935
4373
6710
7119
879
1962
5029
4110
4885
6855
4449
6657
6041
3363
2006
6970
2341
3197
7236
6697
2288
6569
4388
3546
821
3424
2068
794
6933
1210
5679
5789
518
2095
2745
3073
6600
4737
2488
141
1419
2090
1980
855
4899
6684
1693
4101
1754
4406
5788
4777
858
294
6817
763
376
54
3969
5669
4707
6166
2356
1943
4191
5191
2339
5475
6783
5894
3954
3578
2999
2045
1217
4323
2824
4684
14
5403
6741
2096
4640
1127
5685
2102
3758
3511
4379
607
1875
7387
1701
1736
1892
4297
687
5214
3255
4639
7106
7114
2857
6431
6815
6370
2442
5151
2850
6715
1711
4505
6879
3043
3770
5444
3520
5013
7018
6258
2834
5073
1493
3220
4383
4982
6695
3167
3323
828
1775
750
3959
5596
837
5095
1595
5972
2518
2363
5695
3352
1169
2134
1157
3734
633
4827
461
5197
426
4782
5393
179
4530
1955
3485
1056
2576
2419
2204
2083
5494
3062
470
2440
1212
175
333
6481
5764
3187
3410
4375
4799
1280
5760
4971
6754
279
4265
5753
1740
715
407
204
3347
6550
7258
372
5292
833
5103
7469
6094
1815
5721
5043
3137
2738
3662
6987
3953
4322
5299
912
3106
1959
3723
4105
2475
449
5276
5871
572
1858
4963
4103
265
7064
382
2769
1443
2190
5148
1371
5379
7004
955
441
4047
434
5776
4042
2712
2652
1594
4578
3166
1160
5341
1755
4823
3886
6997
5293
1874
5567
1311
5693
6357
2577
5529
1579
6122
7069
4679
3678
145
7167
3832
3667
490
4725
6925
6735
2519
1067
4293
3640
1762
4185
985
2486
1712
5741
3199
5024
2211
2559
2275
5817
4802
1568
6269
148
2263
3475
3650
5274
6642
4625
3895
4872
5906
303
5320
816
6777
691
3716
3689
2479
1228
6725
787
5946
7177
4922
68
1606
5478
6976
5003
483
7051
5570
427
2615
2279
7271
4139
843
2521
4466
6406
2382
3274
1190
4976
2352
2194
6099
6418
7074
836
6836
6223
6972
200
4778
1541
1352
7241
5507
6990
3265
5399
2514
1268
6975
6056
7467
7461
3164
1007
2684
7441
87
5286
7238
5970
2257
3864
4116
5486
4831
4543
534
979
478
6906
5250
5402
4805
2800
3375
4153
5037
4461
2869
3854
3130
4196
2021
43
4211
66
85
1950
1501
1584
1073
7187
5602
3879
5430
2654
765
6213
3205
5732
267
2698
6518
2270
2340
726
2677
6786
6218
5290
4896
6868
7205
1887
3470
2530
6729
1793
93
2600
3670
706
6561
1198
2695
1130
1614
4653
5996
5257
7270
561
2381
585
6511
1778
679
4384
5881
4579
5711
6194
5088
5612
157
3704
7287
6107
6743
2760
1560
7044
1359
2831
747
3242
6498
3442
1261
7340
3900
2121
4195
1318
3012
4731
5763
6877
5108
4876
714
2667
2565
4955
6097
3207
3327
756
1963
1375
444
3537
2670
6279
53
5364
4259
4792
3400
3585
550
3610
2826
3123
783
4697
2310
2889
5187
413
2321
4788
6485
4336
273
5015
785
138
3458
2140
603
819
5360
6297
1997
4081
1201
7071
6727
3506
7141
1230
3760
1440
2162
1604
774
4895
3403
1155
33
2782
2551
3521
3715
5224
4278
1641
1655
2777
7475
2000
443
5184
6870
7298
5795
6335
5056
2641
50
1389
4585
3671
645
6943
5641
5011
4171
3331
6962
517
359
207
6420
4807
7429
3153
4346
6924
6914
4911
7131
5314
4326
6528
1952
1720
115
2380
7251
5630
5193
2638
1355
3196
6554
3175
2686
6848
472
6887
5707
186
4462
4027
437
6778
1025
4306
925
2441
2103
1935
3181
5812
1870
3418
2907
6985
2116
4735
5129
4556
5055
2626
7201
5938
5456
2606
1162
2082
2276
1399
3974
4414
2247
7348
2460
2265
2041
5925
4459
2512
300
6119
3978
137
5270
1239
5985
5716
2701
2088
2584
4290
6362
7432
874
6776
1111
5239
563
1675
373
4220
5860
1650
165
3092
3494
6305
39
5566
6960
2313
7107
2396
276
6486
2439
4321
4864
4424
3158
4492
4713
4760
502
40
841
3484
45
4479
363
7388
686
6424
1593
3852
6613
6998
7037
2436
2794
1677
7206
6589
4783
5851
3001
4118
3210
902
2842
5959
528
5113
2947
5446
5950
1964
2400
4315
4730
5997
1372
1052
7358
2619
2821
5614
285
6264
3463
5861
1203
3945
3003
3369
1242
2702
6045
5477
7430
4666
268
1380
4806
6818
605
917
1934
1616
6616
4179
1813
1684
2963
1643
6708
1408
4201
7231
3401
3510
7228
642
7225
4401
6515
6261
3753
5057
4333
1808
7239
3761
5280
3643
3297
3226
5792
4148
3542
2666
244
7421
5531
4156
1466
5365
2517
5396
4495
4837
7060
3027
1852
5277
4493
4091
2781
49
5554
1526
7115
6078
5114
680
4919
173
5511
1941
4601
7346
4705
6666
1365
2896
82
1735
5343
2238
4319
5034
1023
1499
2384
7171
1016
3333
388
4711
2828
3856
1465
758
4779
55
4694
3420
5304
6946
4984
2392
6819
4270
6381
6075
4347
5878
6532
4677
1647
5412
809
7265
5974
7485
7395
7079
3135
7212
5107
1768
5102
1856
307
5849
1551
5031
252
6662
857
4581
126
3930
6014
399
2471
5018
6387
2994
1262
4842
551
3259
3664
5677
7124
4082
2274
1150
6706
1976
2192
1518
2239
5422
171
5259
2231
2506
3719
4240
4775
2776
6917
6125
1849
1949
2504
2509
3941
198
6941
162
5627
724
4646
1656
2084
7320
1107
6294
3481
2334
1434
5030
4343
2710
5833
1488
6762
4535
4032
628
262
899
1885
6541
1753
919
3907
5490
5032
4028
3277
3322
2616
3549
4036
5038
7190
6195
245
5770
4767
6104
2315
7414
3802
1504
2678
2258
1244
435
7440
4380
5362
5176
6992
812
6439
1237
694
4114
567
2674
1357
1706
5562
3464
6136
4199
7468
5976
2119
7017
2305
2454
5105
620
4665
1556
1988
5370
6892
4930
305
2707
3466
210
3271
611
4936
621
6085
2159
805
7246
5813
6002
6814
1081
4908
6747
7306
4745
6891
6207
4474
5465
1461
7374
5893
5233
1761
3132
4419
4706
1260
6907
1751
289
3911
2156
2516
5910
4090
2330
3641
2294
5162
315
222
6162
274
4282
6660
3885
286
3390
112
7373
1214
6989
553
5139
1308
6500
408
1328
7378
2035
1312
1335
3385
6525
1916
3828
700
1873
5503
84
1287
2291
2798
1758
2214
7214
1707
5161
1156
1722
6133
1625
1060
4433
2065
3219
7068
419
6148
2368
2490
2651
7256
2092
2996
2836
5704
3625
3227
6905
2217
3398
3078
5392
3222
5091
7472
3816
3705
3855
5418
4510
1279
2515
1013
344
5969
2316
5278
7477
2939
4546
1750
5674
128
3156
4174
4198
6861
3044
2933
6491
627
6746
4518
5322
3032
4133
421
2026
3075
500
6479
707
1938
2222
5552
3016
6422
3875
7285
6857
6259
5852
3224
6517
4476
866
275
1794
2481
529
1612
4026
1535
2037
7257
445
4526
4829
5899
6360
4972
1538
6047
4056
6154
2438
5171
3342
5786
1639
2171
6658
673
119
5120
12
2201
1299
5028
320
6716
5889
1277
5346
7408
147
662
1871
873
6402
2445
1477
339
1932
1752
5065
5261
3290
720
3794
91
6656
6646
3702
1674
2898
1580
2607
4764
1104
7297
95
3697
3733
5751
685
2135
4566
5762
2934
3661
1990
3877
1587
658
4152
3423
3140
5653
301
6317
2262
3768
2610
4464
719
334
2091
945
3077
360
7344
263
7150
2754
6789
5395
7406
2722
4580
2946
2727
1958
3316
3063
3682
2644
6958
591
2732
1148
2692
3613
7274
1404
5141
424
1552
131
5142
2009
5635
6669
2042
3796
5353
4552
7487
71
2312
5749
215
1799
5351
4658
2080
3467
3353
6717
440
311
7087
3133
7183
6010
6326
796
1936
4204
7307
2977
2311
6073
4544
4844
6046
36
839
1192
2024
2784
206
696
4435
3202
1460
2612
3404
7243
3616
6876
7042
6032
249
2272
862
2052
3632
3560
1607
6432
2664
3938
5624
1010
3960
199
6157
2462
543
4559
3837
776
4654
1417
259
2911
7336
6337
3726
3944
5165
4054
4554
5420
5378
5495
968
6226
2633
296
4993
1659
949
3102
2972
6918
7303
2112
5000
2648
1822
47
7448
309
1839
2170
2267
853
5134
6409
2581
6618
3397
3570
2601
452
4166
6584
4098
2241
4352
383
582
416
2653
4000
6296
1781
4300
2047
5177
351
4344
6400
2115
5150
3741
3612
983
7012
6555
1792
2500
3765
6089
391
4067
2335
3763
4550
6477
4309
615
6436
3524
385
6882
2507
182
5285
6203
3835
4768
4279
4490
4235
2597
7450
216
6667
1492
2744
6661
4607
4818
624
4632
7174
2018
6775
2254
284
3098
2804
3474
3173
3469
3687
827
3514
1396
519
844
4771
6740
2141
4624
6086
5040
5793
1591
4917
575
2613
4693
5415
2752
5810
6382
3021
2546
4723
4944
4272
5952
3006
1917
3896
1012
3142
1083
4164
6720
2897
229
7061
5619
6978
3767
4226
348
4284
6138
7481
7075
2812
1678
2715
6407
510
6377
2101
781
4456
1049
239
967
4411
7122
5500
2853
1422
4593
5520
4861
2728
3589
1122
1276
3432
3784
404
7443
4874
1282
5835
2373
7176
5774
6055
3862
4843
401
1078
2955
2806
1574
6205
7393
5986
4681
2895
7464
1473
3848
7342
2146
1454
5241
1890
27
20
2015
3530
3927
6168
1301
4569
942
5869
6390
3621
1176
4574
1567
3593
7249
185
5389
7040
5650
6275
2642
2308
909
6411
4040
1429
1208
1921
6810
6795
5662
2407
2284
2968
3583
67
2539
6912
5330
2893
2371
7162
4824
4006
6214
3649
4417
1786
3291
3493
1620
1886
346
4176
1597
7143
6348
1361
6146
1924
3666
319
6282
7029
7006
1374
509
4635
1064
5386
6730
6568
4576
3330
647
811
5868
4894
3163
3933
1529
4314
1474
6832
2534
3250
6563
3577
2242
1161
2925
3563
5014
4111
5987
631
1814
6900
102
4299
6225
2297
5505
7035
2639
6463
6177
689
2205
1654
6604
3711
7113
4667
3718
2493
4093
4572
1317
5066
4845
1433
7453
3700
6384
5802
3713
5777
596
3738
1558
5558
4088
4136
5720
6452
2922
2937
4960
2562
5843
5735
3407
6622
2286
3134
6255
4458
2846
5867
3743
6447
690
7022
5155
6475
6373
1046
1832
4189
854
1476
6306
5135
1457
3084
3302
3629
835
966
2832
6322
3533
4361
2913
2960
7088
1388
2128
5311
3572
446
7412
738
4188
5294
1642
3965
4128
4610
1945
3523
6983
2920
60
1995
6241
5703
459
6331
898
1410
3823
3882
521
953
5747
1263
2838
5388
7308
6484
2314
192
6527
497
849
4168
368
3252
6942
4003
2496
5453
888
6460
1496
1468
818
4953
5948
2444
2285
4377
536
4146
3225
1183
6745
1293
5904
2556
713
842
6237
4757
5873
1588
5338
5122
5963
2643
7334
124
6995
495
1795
5971
5460
397
1863
3377
2984
1489
7199
1033
1373
6894
2982
4005
6315
3690
7137
7376
80
952
1034
2916
121
2520
3744
3651
6496
2003
926
1566
745
7351
3085
3354
6067
2661
7230
5766
6521
5143
6679
4276
3712
617
2823
1704
702
3256
6774
513
3795
6594
4691
1453
5083
3490
3688
2014
4132
21
5594
4623
3639
793
3169
400
2904
369
3362
3534
3840
1236
3215
7482
3066
5859
5877
361
7054
1937
6316
420
5756
5823
2326
6495
1058
507
4631
4649
5106
4668
5317
6120
3894
5469
616
2319
5199
6761
2414
5649
6410
2511
5423
813
5598
5428
5818
227
5006
2219
3831
1233
3791
6643
3708
1975
5663
3040
6448
6268
7159
1947
4369
1170
79
4289
2374
6196
2220
557
6376
3025
6869
6896
1686
1250
6324
6624
2936
3676
547
5337
7232
3329
3778
2627
1876
1224
5407
3452
7052
7105
1500
3313
2894
6473
1788
2938
1358
1145
1479
7158
1665
1739
4180
4870
5079
6152
3412
6702
1327
1835
7103
2066
2690
5380
3804
6558
822
2105
6805
3798
2057
5335
7189
5054
1291
3110
6281
1791
929
4078
6227
5565
3544
2497
4454
5496
5487
4858
2579
1973
1266
1844
5941
7312
188
127
4451
4627
3380
3756
4619
4094
1530
1269
599
5909
6645
6211
3170
4334
5126
3576
6186
3503
5801
96
972
4749
3792
1251
1531
1610
1710
2625
6471
1770
7377
1533
693
3328
4400
6827
1627
2958
6524
62
4978
5472
5308
6634
4890
341
34
1545
5153
4954
6544
7371
2271
212
6811
125
2372
6363
2029
4170
5166
6298
5502
3185
6468
992
7458
272
4761
3749
1436
4739
4483
5942
6903
6644
61
682
4496
4912
4009
3587
7349
5757
1782
5404
5217
3217
3457
3488
2076
4683
6880
6977
3867
7126
6076
5410
4045
35
5072
4129
1390
826
7010
1146
5190
661
1386
414
4215
1444
5366
6260
1006
338
5550
4017
7309
2525
3863
2851
7031
3334
742
7486
6576
3022
2333
5295
3148
3916
5831
6462
757
6731
3440
6244
4743
1503
4902
6929
6236
4791
608
5098
5930
644
990
5228
5811
3809
3303
3312
1592
1120
2385
7471
487
6031
876
5659
5421
2844
5884
4661
970
1271
3428
6386
5754
6621
1804
1345
7197
5901
4695
755
2945
6451
2450
5002
5144
5955
594
4398
569
160
4052
2564
1484
386
4096
777
4262
3029
5310
4232
1692
6307
180
2461
2292
588
6999
1510
6426
4975
918
2195
6301
1899
1829
577
2603
537
2757
997
5045
969
6628
4529
2404
2910
6700
4363
1759
695
3872
4696
6973
7418
3053
7392
4059
3109
4811
1129
2355
4545
140
7216
4833
5493
3898
2447
4893
5026
5480
4591
3258
6686
753
910
5551
6607
1330
2378
5269
1270
5448
4948
2223
269
4224
587
7015
4489
2046
166
637
2249
6782
1472
3368
167
865
6399
2858
1144
4159
4522
1734
4539
109
5580
89
6860
4391
740
1559
6065
4219
4980
1093
3456
5375
6650
1571
574
2260
1601
3966
6949
406
5791
7460
4473
5275
4264
6793
2200
2867
6018
3159
1717
1094
5334
1622
6865
808
581
884
1478
7233
6605
6009
4796
6915
3408
4769
4339
358
3111
3280
1123
1910
6395
6760
4108
1557
5401
4107
5474
3298
6562
4892
3261
4999
1026
1392
4857
6042
5975
4008
5798
2865
4181
1553
6312
415
6304
4816
6494
1377
58
6677
438
2646
3618
5924
4247
6587
7357
3308
3502
4147
1836
4395
1009
1789
7076
6871
1189
5654
7311
4381
1632
3208
6508
7170
264
5514
3505
889
4904
657
1664
897
3870
384
4437
5331
4403
3119
1405
3915
4941
5284
1785
1513
2541
1494
3722
5363
5297
5546
5180
559
3706
5484
5822
878
5169
4808
3282
5291
139
4065
3951
2353
3696
1715
1689
2185
4887
3378
7437
5262
5819
3483
6140
1572
5939
1124
3717
759
4288
5525
4450
3910
6178
5329
4733
149
6750
6095
1193
2031
3825
4669
3746
6846
664
2230
6867
2544
1339
4072
7341
5210
3018
1197
5340
2909
5968
3834
4678
2098
7415
6180
3810
3072
848
2580
3035
5281
2328
6419
7316
6928
7226
4358
2906
1797
545
6499
1987
991
1522
6957
496
907
6834
99
2389
3827
3630
111
3857
6620
3527
2868
5198
7310
4584
4444
4630
2044
3732
1966
2422
395
5915
6371
2109
5443
3371
5183
3263
5020
4838
5082
1258
6721
5957
4567
2072
1520
6284
5070
3295
3373
5769
6969
6210
4901
2622
604
5655
7207
2649
2780
867
941
4712
3522
1187
2611
1847
1100
3037
423
1784
810
3341
6215
7096
6578
7019
1913
5888
5728
2125
1221
3783
2877
7043
4714
7003
4645
1638
3108
5062
7066
3409
3113
3958
6028
7009
520
377
6540
4443
1623
3774
5413
3893
1942
6174
5719
923
7299
3391
5848
7449
6772
7426
595
1140
1218
3548
4237
431
1195
4205
2199
4511
5960
1703
1951
6752
485
2569
6129
5903
2375
5771
6354
2795
2763
1165
6780
2366
947
3890
2106
2033
7261
779
1284
94
1944
3830
6356
5450
5856
2403
5699
4702
3628
6863
4943
1131
1994
6134
4822
5251
2161
3350
3107
3844
2069
3997
476
5414
7242
5328
6429
1883
5373
3389
1534
7148
6464
3595
181
2393
1888
4561
2081
6455
3967
4233
4455
3285
1336
3500
1391
2833
3283
2919
4988
956
2472
5296
70
4207
1673
6489
1092
3982
4875
3320
7007
2931
2589
3414
4701
2839
3636
773
4721
4197
5237
2376
6582
7053
4186
3244
2149
6444
6044
7140
7085
2466
5159
4703
5718
4134
1180
7178
5064
7276
4724
3307
4786
4886
6951
3730
5419
378
5367
820
3050
304
291
601
3248
5700
1841
1960
6221
901
6631
2716
4307
752
2658
6823
4945
6614
4793
6685
4004
7478
1925
2152
5008
4261
107
7324
3355
454
5339
1634
3357
5336
3780
2827
806
2129
5426
3233
1072
7039
1235
6466
1790
6543
2155
6688
5204
6526
6595
4924
7100
136
340
1430
3775
5254
398
1700
914
3588
6564
2671
5781
1519
6286
2699
2232
1868
6352
354
526
2143
3100
1045
6601
3172
3413
573
5461
1613
3384
5517
1798
5112
5692
3606
6585
5778
4797
3693
554
4852
743
3387
2729
4926
6839
253
488
1319
3024
3479
2673
3472
546
7401
7403
3574
5652
2359
4330
4385
4115
5895
3007
2636
5847
1646
2787
4933
4673
4394
7050
1599
4709
90
2669
3091
5229
2656
4795
6800
655
7185
4726
1608
1105
4117
4685
2036
5569
2574
3579
6461
2074
6713
786
930
4606
6412
5845
480
4374
2796
6553
5605
3088
6629
928
823
150
1106
4407
6559
1881
885
4553
52
770
5572
5306
1005
986
5783
1040
4095
1569
3343
7434
2287
3829
4557
3212
75
2882
3080
3344
2533
5683
4915
538
3751
6522
1652
1644
447
4587
1550
859
6704
4774
3010
2954
2453
380
3366
4283
3513
4776
6797
2478
3190
1057
2929
3504
133
3655
4271
7038
3531
214
3596
1079
5832
6792
7356
3071
5289
1697
7086
3017
6947
44
2723
2657
7161
3051
1691
1326
4770
7305
1475
5990
5371
218
4676
1398
5927
6057
3759
6250
1602
2985
2157
1536
5387
3144
614
4983
807
4349
6080
194
5459
4038
1746
5010
2282
2662
2730
37
5912
4468
576
4141
5773
2740
123
6019
5536
2114
4656
7240
2582
4750
2218
7188
6757
6959
3994
5815
3495
482
394
4950
6024
3030
3336
4046
5471
861
5616
4372
4860
6801
3665
4291
2561
370
5790
5117
1953
708
2557
6878
2873
5714
3846
5528
4835
5745
5099
6480
5476
733
151
2687
5734
5319
6588
362
4485
5255
1002
3597
5499
7147
1095
5438
4800
3430
2124
1101
678
2901
3914
1108
1173
6538
429
7089
7353
7314
2058
2726
6388
709
3421
3968
817
2598
3888
2843
6127
936
6830
1349
3851
6176
2430
4310
659
4328
5510
1524
7435
6441
6826
5069
6845
323
5118
5022
5696
814
5898
7455
375
6825
2437
6689
7160
6953
5992
4935
3379
306
6596
6888
721
4430
1562
83
5463
4809
5752
4135
2736
4222
2252
3287
3195
4099
5268
5988
3074
5761
5160
6683
4184
5092
3532
4241
6816
442
532
6537
4997
5726
892
6079
2586
3136
2451
5922
2949
3529
4689
6257
6274
4202
4238
4014
5001
7272
2966
2304
6375
6
1059
5902
792
6172
1347
3757
1724
2429
5737
5452
6054
2020
2513
6242
5534
6437
2697
4216
3952
3346
7034
6467
1069
2965
6408
3698
6188
613
1660
3694
3146
4865
3138
6638
1027
4212
4126
3057
597
3238
7333
1744
6383
728
4932
5609
5301
4018
7330
5553
3970
2322
1368
463
5918
1341
6252
4242
663
4071
4030
978
3478
2418
234
2771
2753
1061
2964
6015
2137
6256
7165
4182
5675
1219
2660
539
824
5390
4727
6442
2077
3681
2163
122
3813
7203
4563
7055
5765
1615
7317
4616
7000
3096
2558
4967
2735
3305
183
7407
6690
5876
7067
665
3762
533
6940
903
5772
729
193
4404
1464
2117
3270
2394
2007
6675
3887
6670
231
1859
2529
203
1207
2063
6328
6231
1901
1880
282
4144
5625
924
6911
1470
736
4397
2167
287
457
6889
6910
4996
3781
2208
1662
5524
7427
3923
1825
3814
7404
570
3394
3771
2273
3079
4460
471
7045
6841
6534
2878
5207
1309
958
2560
4517
6696
5866
4952
988
4472
6132
3635
4448
153
5325
4704
7097
2248
527
6374
4500
3766
2108
3663
5440
5639
870
197
2467
1860
2747
4906
7235
3880
2523
6519
7279
493
3518
5348
5516
1747
868
2547
3094
5556
937
3637
6398
1741
7284
6302
7024
4481
3229
2526
5890
1302
2473
3615
1125
7452
6862
7080
4280
2434
1446
5951
1042
920
549
3605
6320
2323
697
698
4353
1878
1812
3339
4603
2502
5672
2679
6238
1897
734
3943
1264
2689
2608
2880
4281
790
2835
7383
7078
2054
1032
2976
2863
2592
3243
7092
4839
5638
1324
2988
6379
4438
2848
593
6474
4408
6189
3482
4562
4863
6847
7123
1063
5885
7438
4801
6487
73
7296
2401
317
1667
2250
717
2
962
1050
6289
7288
6372
2635
684
7172
4909
872
2866
4521
5058
1927
1589
4612
2595
6659
1455
481
6881
6509
4609
2822
2617
778
3586
6967
5964
6712
2246
5230
4470
1004
258
2255
2463
3501
6852
2768
6291
2741
2708
2620
2078
2942
1351
514
1653
467
7127
564
7132
221
3824
5631
2676
5809
6763
1904
2640
1893
5488
7470
3709
4221
6623
3093
2987
7275
4434
5344
699
486
2264
6501
4405
1426
4577
6574
4605
4076
1294
3171
5542
2941
5698
7381
332
7036
2062
5530
6478
5864
6693
2989
5891
1931
6653
6290
3729
1728
3178
7062
342
3725
6828
2614
1805
7488
4738
5397
1779
1771
3364
302
5857
766
374
5
5212
3304
2360
491
2397
4007
2969
6416
2357
3609
5377
6378
3946
1223
6206
7364
2411
5492
7117
5116
795
5853
3392
3602
5607
1395
6088
5096
4520
1292
3058
5814
4812
1731
6785
3126
6886
4112
2148
2342
1074
4851
6021
439
5980
6001
571
3257
6434
3211
1719
630
6502
1764
2346
4921
2209
6919
2050
3691
5759
1175
2005
6074
3083
3150
5152
4981
2299
4643
4633
2552
1053
3919
7149
1174
3128
2876
4376
5467
3866
1946
7263
5682
4178
7396
1939
6802
5243
3260
7026
3023
246
4533
6187
460
4846
6053
883
3926
6330
2975
3473
2269
5611
456
7014
5201
6334
6092
2543
735
6664
780
1523
525
492
6756
5821
6804
931
5462
5216
4130
4245
3437
2213
6981
3019
2283
739
5303
1254
4258
7390
802
3433
5307
1537
2914
1565
1350
1506
3269
5645
5316
688
5965
1680
3541
7192
5702
3402
5357
4393
1082
155
4034
4337
3789
2703
4686
5564
129
6153
7295
3710
3165
78
5740
5689
2756
7173
3337
3005
2165
4753
1065
1618
5973
3991
504
3526
2950
5509
592
6458
3645
890
3601
2060
6355
950
4891
2499
5634
3868
4252
4239
201
7101
4227
5729
3065
4190
7181
88
4613
6417
2070
3221
4740
1048
5075
1490
3826
2365
4555
3575
6640
2133
5633
143
1215
5089
7227
5447
1071
6253
541
2829
1112
4814
1575
1708
4345
4820
2555
7254
1159
2410
1137
1982
5829
7446
4719
2336
2870
5342
3372
5600
4940
7327
7021
2458
5036
1915
5350
3660
5157
5883
5617
161
1857
4994
1022
4109
4415
1089
904
3990
6884
1989
5544
2423
3015
4785
7399
4907
5078
6239
1497
1113
3266
1096
3351
1698
7361
1850
2681
76
2474
2086
6454
2538
241
5640
6996
2566
5225
5512
4200
4867
3090
3624
2053
5374
4039
4937
831
4961
7282
987
2974
2785
6641
1000
2073
4962
4325
4889
2742
7343
5722
176
3374
7368
981
2126
4611
2225
1668
3884
2089
7215
1940
1132
1314
5309
1833
6572
5192
7454
451
1394
4158
1138
2197
830
7370
2891
4998
7028
308
895
2548
6908
804
960
7350
524
5984
825
4011
2043
1961
2061
2051
6676
4873
5381
6217
6096
1412
7112
2145
2900
3807
5742
2055
247
6902
5854
2203
5577
4531
683
3806
7041
5688
1681
7444
5326
1803
5896
4527
3881
4402
3061
3983
4167
1721
562
1220
464
1819
2023
1247
254
2424
6263
6904
7268
4512
5935
5491
209
7027
1
3932
1438
3180
235
4596
7032
4664
4478
1184
2825
6023
710
1626
2704
5671
6934
5656
2097
1923
1084
523
6209
2085
2734
4501
3568
4765
737
4286
4295
3056
5445
4035
6770
1322
3892
6145
6246
2489
6581
1906
6493
3793
7294
3487
2412
2173
6513
2049
3764
2593
7099
134
5163
1452
7083
5318
1600
6737
5568
2990
243
3897
455
2814
6090
2746
108
1727
2672
6798
6069
565
6100
6430
101
5132
6058
6682
4826
4382
4655
4162
365
4810
6520
4729
5033
5837
5485
2807
3940
2016
2027
3772
3311
784
159
4575
2755
169
6081
6109
5816
4828
422
7369
2261
4754
886
5359
1709
4951
256
154
6428
5173
5599
2792
6964
498
3288
7194
7386
1402
2470
3740
468
847
144
6345
2198
5870
433
4043
5803
3275
6184
5394
6191
5181
1843
2184
313
589
4010
1992
484
4938
933
6937
6332
15
2535
5712
1645
4228
240
1866
3036
5515
5943
5437
4426
3556
104
4692
7049
4513
4670
3117
4751
5940
5537
6844
3646
3547
6155
1030
2202
1824
1135
6175
7411
6930
3082
1694
5937
1298
744
1172
3365
4021
7255
789
3496
6956
5137
4848
5016
1403
5606
6593
7445
2531
4086
4946
4436
3492
1241
2421
5710
5933
4482
7313
3114
7425
3068
5681
1837
1714
5283
6016
6093
4687
2395
1182
4748
5265
3507
5227
4210
2136
3294
5442
3675
6059
2354
4075
298
3611
1783
2215
4077
6164
4710
3315
4214
4763
2808
5249
2993
5875
4582
5012
5071
2210
5244
6401
7338
2226
957
1772
1290
4756
7129
1381
1200
2022
2572
4172
3122
5263
3052
4057
1482
3453
5236
5632
65
5087
5174
5185
3558
6103
4648
1544
1725
762
3284
410
2575
6025
4292
3060
6295
4488
3703
2175
7292
4923
7360
4523
2571
6049
2927
3836
4255
5806
4905
5245
634
81
3309
1928
2207
4048
5956
184
6216
2477
1075
5879
2775
7193
7385
5610
4341
4044
3638
2240
6353
3451
3554
4183
38
6627
5697
871
6008
6030
2349
6986
1957
6414
1984
3370
3174
7476
7220
3950
6139
3797
6340
100
6833
5372
7489
3067
3381
2168
4453
1549
6991
6141
4690
1087
41
1577
465
6389
196
1532
5431
2973
1142
4491
6182
2778
4420
116
6470
3557
3947
7302
4331
5767
1179
2002
3278
6038
3626
1305
5571
5931
7058
2331
4598
2759
4716
3634
3552
7277
352
905
4956
5498
5892
3865
2482
2296
202
1713
6636
2725
4798
5603
6413
5023
2416
6068
6965
1748
5944
1456
98
5758
7002
4348
6692
3125
7410
1505
2367
113
6339
1760
4564
6048
366
1384
1411
6552
59
288
6707
1823
92
6681
1442
2766
7428
3684
2216
3995
6939
2174
3048
963
3318
5527
3912
1415
5709
5615
5111
2803
6403
5267
974
6739
5755
2427
1099
5613
6807
389
5715
2048
2618
3842
2151
530
3055
1019
2019
28
5995
4752
3151
4644
2212
3838
4794
6013
23
3476
4878
6192
731
5620
6319
3669
2847
4659
2465
5923
3647
1441
4250
217
5678
4364
6765
1297
3776
4084
3948
999
6637
5260
3438
2591
3069
6077
6913
2379
6567
1406
4442
1181
4881
4588
6812
4177
4053
4246
4427
1363
516
5730
4256
3788
2302
350
7110
3228
6514
5288
3406
5400
7266
1511
3905
4365
638
6457
5090
7262
6040
6788
5982
3686
4928
2801
6110
2629
5128
1555
2884
3081
1400
636
3674
4898
7109
3620
4594
1246
4680
4409
1153
48
1471
4080
3054
5800
450
4506
6866
1154
6112
6349
971
7179
4571
856
25
7091
1213
716
3411
3045
3608
7163
458
4230
1133
1848
3367
2138
5409
5949
1043
6124
2277
2295
1018
5535
7244
6671
178
4121
1428
6163
3345
6820
1657
105
1225
3118
7480
3086
5077
5051
3338
1930
1517
5287
3633
2100
6161
1970
2455
2585
649
1288
1854
1729
797
3883
1278
355
6927
1143
556
5670
3992
4548
3293
6635
1487
2446
6051
2266
6680
6347
5368
1512
1827
3939
2713
4516
4931
1014
3984
5458
3434
6736
5668
749
3340
390
1630
6733
1830
2928
3455
771
4855
851
660
5178
5797
1467
2956
3
5021
1769
5784
1527
226
6615
1816
751
4856
6829
5145
232
4480
7402
1121
6742
2188
768
2189
4942
3008
4547
6311
4916
6808
5234
3731
6984
322
4465
3871
1696
3861
29
5838
1481
6072
3349
1669
4626
584
5905
2358
1255
4074
1418
5743
5050
7221
3049
5608
4992
3642
4766
4277
6229
5019
4254
2431
5271
6974
6516
3918
130
5007
973
3124
3800
4410
612
4332
6212
6327
803
6121
5979
2351
6854
2542
5182
5131
3617
2694
2298
4880
295
7224
4903
1085
6171
2449
3964
3972
327
2318
6938
6043
653
922
1635
3429
477
7474
1777
7484
2420
4187
7329
3299
1439
5222
2849
4888
5009
6433
5104
540
619
4041
5205
381
1834
2142
7253
5266
248
5863
5158
3742
4161
1596
602
1649
730
4273
3415
3961
4672
5646
3240
2583
4249
6105
869
5604
4423
4641
1041
6565
6325
6909
5279
6542
5119
2104
2816
2634
6405
3536
7439
6583
3996
11
1281
1896
4882
5559
4847
5967
6899
4287
4173
4311
3799
4475
6000
3382
5213
7325
3383
6993
4002
5369
2810
2245
6198
5147
6064
2815
1077
544
6963
840
3191
2307
891
6114
3739
3087
3376
3324
6603
4145
725
1332
2236
4934
578
7073
4966
5508
4524
6944
3216
6821
168
5376
220
7186
6875
5842
6150
3041
1956
4540
1685
3777
329
4367
5282
3281
5782
1206
5047
1919
2887
5576
6639
7146
6575
7033
4469
4471
9
4019
5124
863
5666
326
6459
3160
7046
1838
1080
1611
1882
6397
2196
3206
3395
2854
2332
4715
5687
5660
6687
1907
6425
4137
2953
1918
7093
6020
6472
1679
3198
2164
1227
3296
2221
2303
6446
5779
3913
7180
6557
769
5044
1226
5085
7300
2402
5636
6179
4780
1152
3769
7209
6367
3920
3736
4260
238
2979
3182
3773
2773
5548
6488
6159
3936
2391
2183
5618
5093
3859
3231
357
2485
7416
6366
6365
156
3143
3747
7286
7280
2457
815
1540
4143
1548
3581
4012
3845
6606
4964
1115
1514
4508
3820
6151
4663
5025
4104
5929
3590
1609
312
1303
3921
6979
2841
5130
5125
2510
2435
3104
6299
5211
832
2278
1573
4929
1163
6220
7417
761
1310
7379
2594
3064
6012
1243
3551
6270
462
7293
6060
1098
3955
4016
4592
4092
3209
7326
2388
1581
3101
3811
5532
877
4320
3644
2604
6859
6276
411
7420
6766
3448
228
3245
6396
2417
3486
4051
283
640
3498
1424
5724
3714
2320
7391
4244
1570
6361
3657
6883
6170
3335
4257
1767
4194
6449
7229
3020
1996
225
4537
3808
4165
64
2860
4428
3748
2991
30
6767
961
74
6755
834
6579
4031
1509
3480
6005
1774
170
2748
7322
1948
3977
364
5727
5218
522
5824
3653
552
3427
3987
1387
3847
473
5101
5264
6586
1954
5673
6673
1234
5121
2714
641
6612
4396
6271
1259
5836
3724
6577
4020
650
6052
4850
913
1015
4060
2852
5246
7419
5324
5575
3095
3683
6144
3325
4804
4883
6809
5914
3218
1186
1903
5999
3471
1585
1831
3013
3450
2237
6185
7400
6310
3672
2487
255
1718
1086
1763
7345
6771
3963
4595
6062
5694
2034
1826
2347
2187
6358
3214
2926
5538
5827
944
712
2387
2491
2624
1273
4514
5074
2522
1842
2150
114
829
3014
3850
5354
6753
4138
7195
1344
172
6287
7363
7057
2329
3203
741
2433
3183
3849
3034
2350
1209
3985
7289
177
2875
403
163
1516
6734
3348
4055
7213
2783
5248
1911
2409
4534
4965
1969
6440
4327
6066
5834
2570
4127
2959
3786
6691
5391
4484
5433
3489
560
4263
4604
6235
4231
3204
3162
7145
7252
954
4698
1047
5934
5805
5579
4628
1485
5780
1300
5926
3727
2243
2665
3184
5684
5628
5247
3301
5206
2362
292
2883
417
1272
7248
2918
4744
3582
7451
224
6796
4560
5345
4061
1757
6626
1672
4741
6533
7269
2532
5680
51
5188
1663
3839
4463
1114
2696
3449
402
4122
3819
1469
6759
4642
63
195
5156
3925
7352
6267
7319
4013
1376
2983
7102
6893
503
6350
1683
1062
2733
2234
7128
409
2540
5220
964
639
531
2761
2705
1401
1110
7169
1586
5140
57
1867
2012
1895
2415
2166
1229
1682
5457
2764
2685
558
5238
5256
356
475
3200
1248
5252
106
4957
799
7260
4634
6744
3361
6321
1407
6272
0
6202
4869
3889
5733
5005
6648
489
379
7154
4853
6445
3120
4068
1884
1449
5017
3286
1409
2228
1981
5327
5739
2281
2682
2064
2647
1119
5429
3679
6308
1158
6536
982
7013
2361
1671
2790
6033
3236
3177
1853
7301
5647
1737
6266
5202
4087
1525
6950
4150
4285
4083
5138
2158
2762
6968
466
6126
6971
677
4023
7134
4817
600
328
3580
1699
4049
1295
266
1628
2268
2030
6254
3468
5913
499
1003
5501
4267
7442
5961
5830
1315
6091
4025
1340
2709
1800
3262
5235
1690
5253
3461
4368
7431
3891
3654
940
1723
1353
7072
5347
7328
4037
1447
1912
5785
1590
6932
56
7459
392
1730
3436
3699
3009
3584
7321
7116
5841
3422
1338
1978
2645
6916
3553
2663
2244
2813
223
4973
4608
3648
5826
6835
5097
6885
4335
4266
5133
6926
5936
6204
3754
4225
6530
727
3692
4066
1851
3332
6292
6703
6546
3431
6610
4149
1629
1979
5911
4102
469
5676
2587
2193
26
19
2995
7118
2464
6190
6699
4303
3631
1252
4390
2087
257
7182
1670
6039
6173
4840
3591
1914
2892
7125
6343
418
6251
135
1445
142
722
3026
6293
3658
1564
6831
1320
251
2943
2861
2008
7382
2144
6994
4939
1450
3237
1458
6840
669
4859
6718
10
2915
3127
5998
1676
6415
5872
6799
2750
3149
4294
5209
7359
6694
6853
6070
1920
3462
4599
6359
3873
4312
5053
5242
2004
4351
7098
3253
7465
3569
3604
5908
7405
3843
6158
4355
3917
1216
610
3213
7157
7120
860
6955
2075
2885
2791
5175
2731
5966
5425
1582
2655
3152
3525
5840
2967
1177
436
6102
1855
2596
2830
994
3728
4879
2306
7164
1621
5068
6510
5581
2668
4620
3300
2327
4268
1421
2227
4439
3924
1139
2879
405
6539
6566
5561
7211
5686
4647
7457
1968
4734
2567
2369
5027
3460
1240
7259
1097
6652
7108
7384
4652
2224
6512
6602
1313
5127
3869
666
4790
1742
6061
5658
1036
3779
3247
5521
1495
1583
2110
6465
7281
3695
4063
2111
347
4977
1483
1343
260
4229
3821
3538
2545
5667
4959
6791
4832
850
1367
4354
7456
3901
4429
6193
1164
335
4371
703
4097
2605
3321
6243
2921
4069
