2573
2795
1704
2398
6694
287
3106
5106
671
4982
3852
4853
4812
4949
5547
2676
7293
2639
1143
7132
4103
431
6405
7410
1891
2548
2988
2388
6672
3592
3069
7105
5389
4709
507
6827
3218
7306
6928
7404
1171
4402
7274
2819
2327
438
528
5188
7112
3826
7347
1765
4660
3258
6502
2989
4021
4991
6106
4808
6171
4552
967
2203
3679
3449
3950
7162
7147
6842
718
2216
6795
5708
5038
5316
3970
5910
1201
6438
6734
4434
4921
6979
2117
1419
6475
6010
1016
1654
7433
3274
7382
250
1911
2816
6835
5581
3251
1224
3669
7015
4620
1339
7465
5698
6282
7149
1114
7354
4466
1036
2566
6103
4130
691
1026
6684
2481
1721
5504
486
105
4177
3812
6191
713
1990
4694
4878
7398
3091
5420
5694
5150
4413
5858
2904
4520
6408
4233
3296
4572
4343
4892
3703
889
5158
964
809
2698
7360
4415
579
2507
2758
7311
245
4211
6861
5508
3180
2418
5328
3
1043
6548
4335
1546
3286
7167
3445
4636
2612
3649
3920
6664
4780
6561
6311
3986
5494
2820
6161
2840
7307
3532
2474
5433
5602
2103
944
5894
784
4029
3733
563
2305
2995
1299
7285
1258
5742
6700
5318
5191
6983
856
3135
526
7308
6044
5932
6347
4431
2694
4696
3257
5338
6173
4975
483
7393
1871
1502
4890
1650
5296
3853
7073
1798
6560
5336
990
7335
5278
2429
6442
5183
2054
7239
4806
533
7358
23
2977
7074
2038
6449
383
3782
1967
4917
3365
3955
7141
6843
6665
1689
1408
2905
2733
577
4239
5574
929
1499
6954
368
1865
5045
1110
2478
1863
4508
361
1902
3416
6974
6866
7420
3642
4599
5003
670
482
770
1709
5913
5298
7368
6300
1411
4885
1683
2258
5323
7337
634
3219
3137
1262
4771
5950
5740
6197
7082
3976
6275
5683
6019
6145
2708
5761
4681
5962
4666
1504
7066
6660
3214
7229
2056
3982
1098
2853
3627
6189
6437
5659
3205
2180
269
6702
1609
350
2693
3045
6261
6678
6337
6915
2405
6211
4914
4659
6105
6352
5600
4152
5083
1890
6342
4178
3044
1830
7104
6207
3281
3022
4257
2602
2033
7194
4065
7482
4682
1997
7421
1091
3147
5536
3059
5058
6315
1061
2656
1320
1312
5299
2740
913
3182
2634
1159
942
3813
2671
4345
2215
3576
2233
630
1913
3645
275
6262
1675
2002
1740
6340
3906
4592
6630
5439
161
2974
454
6615
1549
4561
5585
5195
4633
4764
4486
3323
1916
4145
1893
156
3902
2283
263
6802
6368
5413
6836
7443
6310
2326
5565
2523
6646
6895
4845
259
1864
2312
1878
7081
5028
3834
5583
1677
495
5103
3474
1349
2259
2419
912
4252
5418
2238
3359
4296
6955
3052
1988
1121
3938
2779
2985
853
7018
1570
4250
6538
6550
4359
3165
6096
278
6377
706
1233
7091
3150
715
5255
2721
5824
3648
2514
7281
2784
6281
4282
3209
5398
5661
709
5489
5015
3233
6065
7189
4761
754
6218
3746
4678
1753
5222
6097
3522
3641
4936
6424
6230
1285
5357
4214
3557
7048
1787
2132
2172
2485
6817
92
2416
1590
5171
3713
3411
5833
3294
823
7059
1131
4768
6232
6911
6923
2155
6697
2164
4311
6667
2675
4899
7276
1300
2441
6072
2244
5358
598
1206
2052
1313
4106
2353
3936
425
3832
5732
917
4574
1700
6947
7396
4067
4960
102
1791
1874
2550
6908
4154
629
650
4763
4549
625
3019
7175
725
4066
6970
1385
6256
5050
1628
6185
7068
1322
3136
7280
520
6984
6726
5186
4741
2880
1620
3684
5010
3954
2684
1249
4049
7483
6122
2048
922
6379
1420
5736
1336
3107
989
3715
4058
4873
4027
5209
2805
4698
6738
3394
2068
5161
2093
3520
1152
4671
3264
1817
4396
6139
5748
6034
4693
5069
1856
4797
7234
2066
7046
6899
6848
4255
3071
5314
3924
980
3159
4939
4647
158
3959
7
6890
211
1803
2046
7469
3543
4622
3609
3082
872
2083
5436
4026
2662
2568
5896
1487
62
4091
4337
2626
6174
1566
6370
2921
1983
5801
2367
5122
5562
1627
5689
6259
4285
3862
2220
3756
5090
6214
2918
112
2560
752
4715
5285
4375
4453
6648
4370
2112
3095
2520
2181
5133
6375
7116
140
6443
6355
3580
409
1267
835
3765
1517
3178
782
6308
1297
5860
5403
2496
996
6186
4061
6747
4600
209
1468
4541
152
841
2446
2850
2004
40
2826
108
1271
5855
496
286
148
6772
1489
3037
1872
2557
3256
1437
6920
1572
1877
4360
6850
2786
4316
2097
3738
5142
2752
1808
3625
1854
4075
473
3745
1347
3331
1907
7355
7045
1543
6395
6506
1175
5651
3973
6080
2727
4209
4501
1243
1927
3090
2846
5908
4590
3777
1250
5211
3563
3021
4950
1148
353
1161
3881
181
2790
6498
5462
257
599
7380
6607
6763
107
4528
4976
6306
4175
280
4985
4703
1820
3120
255
4243
5687
3011
5676
623
6276
4900
2159
2996
2673
3559
5044
2343
3316
2267
5953
6893
5944
5141
1949
1184
3324
3996
3026
5735
6994
3459
4420
7220
6029
4164
5976
3787
6295
1793
7266
5869
3047
7318
726
7235
4773
2185
1448
1126
982
1631
4728
506
777
5507
15
2079
976
4946
6209
2235
433
5130
5945
3309
4286
3662
4851
1511
4168
4881
1293
2916
339
1513
5201
5594
555
176
7093
939
955
6774
1809
1545
123
2426
7022
4737
2420
6805
2350
4712
788
6486
5210
2318
4
5084
1580
7207
7413
4045
6119
852
2768
498
6854
891
2783
2511
4030
103
4325
5942
6519
208
4840
1637
3700
4084
6931
5377
3863
4089
1825
3344
6515
6099
511
6461
3780
4911
2146
6023
1288
1280
5194
3707
565
500
5225
7268
4208
1381
1672
188
1596
2381
5481
6234
3825
5936
6510
5059
2366
1900
2753
2994
3940
3600
2860
1812
4932
5269
2731
321
8
2542
3748
2644
5332
251
5557
4963
4487
574
3096
5082
2765
5480
1261
5994
2823
1537
4376
2674
6064
2063
1068
2271
1096
5681
1236
4743
1391
206
6737
1634
3980
2184
39
6780
308
1116
647
3552
5745
4718
7238
1707
3406
126
7070
3023
5286
6420
1326
6853
4059
5212
29
547
2893
2829
6533
4367
2519
1526
5496
265
4040
5250
3396
2655
3949
4721
1289
6624
4348
432
2091
5187
3105
517
5673
1818
6117
1757
1521
1432
6712
1030
3941
3378
5810
6593
2003
6776
3506
2804
1190
6674
5899
1748
5247
1575
1265
1376
4088
2436
5427
187
6123
4606
3818
5000
7289
436
1097
2311
6459
2802
854
6749
7448
1162
7106
6715
1434
5940
2026
3960
4050
2069
5868
7290
1764
1892
3761
3301
1930
1578
4206
7138
3673
3531
5271
6066
6825
789
3493
1948
3912
4655
539
949
3836
7261
4630
649
735
5566
2483
3791
5927
3482
3975
5967
5430
2106
822
6739
6135
4859
2508
488
2136
7424
7164
4389
4364
5324
5844
7190
5720
2609
1136
6332
5220
329
7369
1074
732
7230
1905
1923
7098
5360
3967
3348
6433
4323
1969
5751
3995
2114
6719
3890
6534
2392
802
285
6497
6790
4025
5134
5914
5655
4922
1191
4000
810
2907
2890
5951
1692
4906
5100
199
365
819
4527
1366
4638
1888
6557
2118
2299
5189
894
923
229
2273
6682
3775
2856
537
1198
6159
3990
1462
1145
5246
3551
6847
5035
843
560
6882
5711
3691
3315
6951
5019
4850
2653
4537
3430
4225
4037
6152
4371
4847
2186
1449
3420
35
4791
4519
3519
1078
3246
6429
832
1849
7453
557
4340
3146
5989
5610
1118
3235
1166
3913
4342
3937
4510
4349
5197
4547
2610
3918
7075
3284
6939
1879
2842
518
1151
1226
3742
3010
1743
2396
960
5642
4807
4422
7029
6124
2201
2018
5070
7108
6358
2824
2681
371
1304
2883
908
3018
2143
6652
4838
1125
740
926
1363
6150
6020
3594
2756
4369
5506
3942
3067
4919
1451
5721
5511
6128
1273
2743
1042
3207
7243
2442
1576
3799
2993
2866
6553
7427
6552
2284
6187
4727
593
1589
2734
3322
5964
3112
5160
2789
5169
4726
5072
446
5046
5074
6212
7386
3048
3709
6109
993
2579
5713
1584
2660
2205
5260
1157
1060
6756
1961
2932
925
7370
3546
4240
1842
3961
3380
2222
479
3884
637
4293
6108
4303
3061
4006
4438
924
7026
3622
101
700
6054
414
5385
7303
806
524
1868
1919
6015
6989
951
2871
7090
6977
4929
4096
3351
6393
4616
1040
1951
3893
1538
2571
6903
3334
4036
3184
324
659
2252
2234
3086
3613
5840
4674
6266
5925
3516
635
4576
6627
2966
1404
198
4918
1496
1986
225
1559
6594
3028
3473
1965
4796
157
1962
4493
4395
4110
2586
4461
1305
5033
3167
6596
1658
6600
4651
1049
2045
5722
2060
6567
2263
6935
5961
5772
6830
5065
4672
5099
4692
7346
2657
2791
3981
2440
656
2998
6953
5548
2661
7156
1272
6800
5645
7155
5361
3631
7170
4219
4385
601
267
772
4943
6590
7275
6832
1156
1076
5996
514
5812
2515
5301
903
6366
6026
7247
7408
4497
5816
6500
415
444
6385
2553
7353
1816
6906
6305
3060
880
2304
4663
4790
4629
5917
2650
1407
5623
3033
463
7139
2221
7271
4163
4968
1736
799
2742
1975
210
5416
4134
2333
5554
6101
5966
6336
7024
5615
2291
3635
6852
648
7399
3078
7340
6676
6456
3113
3894
3963
4562
6512
1341
1594
3487
1613
3130
4973
631
3034
4377
5244
4185
7010
1323
4483
4689
5453
4785
2518
5292
6740
6993
7394
6855
3528
1724
2968
3471
3605
1954
3353
7109
3156
5747
3802
2594
1934
1386
3596
2163
200
5093
7180
2599
4588
1430
3223
4595
2595
4974
5395
3192
4909
6288
6524
4013
5543
2282
6605
5674
4962
6816
804
4543
6768
31
4001
4008
6860
5011
6419
231
4085
2242
546
4078
4575
6229
7012
3040
1053
3694
2433
2494
26
1706
1342
4916
4398
6371
1652
5355
938
1929
3972
6361
5392
2162
5060
5514
6582
4083
882
6235
386
4082
1558
4494
6544
910
5872
4805
2991
2798
672
3231
2778
441
4119
1344
6933
1041
1155
2012
5985
655
1669
6924
6007
4786
3176
3583
6940
2501
919
1009
6102
2141
3871
1696
2885
545
7200
2154
855
5859
2964
6609
1128
147
2923
6975
6728
3084
6077
6455
886
7219
5893
1520
5064
465
5257
948
4667
7096
2953
776
5900
5901
6005
829
2025
3903
5500
7092
4107
3485
884
7017
2077
4760
3618
447
4155
6304
4213
4687
2365
2029
5627
5957
1738
6603
1635
7084
5509
7462
5231
6006
293
7377
1649
1579
7326
1383
1712
3838
3535
5394
2679
3977
2387
2128
5052
99
114
2104
315
5688
2417
1772
3102
4226
1417
4810
4307
6444
6982
221
678
746
4484
5882
4972
6399
3414
7403
3399
1220
1362
7002
5650
858
6470
1044
5876
6129
5114
3204
5442
1035
5249
1196
1657
2013
4391
6204
6081
4281
4046
37
7192
2666
6686
3387
4393
4948
7385
1630
1094
4518
3923
4238
4127
5619
2785
5911
2956
6095
3740
4186
5350
307
525
3373
3515
3769
5731
7471
2908
4010
5215
4608
7366
6201
3921
1479
4397
2831
1472
4117
2061
2014
3555
2574
4108
3524
801
3978
6435
3518
5397
4436
1619
5167
5525
120
3771
1124
5096
5760
4086
5544
6804
5356
6343
3704
4658
1492
1780
2030
6307
3806
2682
5293
1414
1592
3719
2919
5386
4966
2632
657
2963
417
4759
2261
3398
1064
2648
3171
1896
1755
2530
2435
4230
3581
3993
6238
6327
5172
4388
5025
5391
807
3108
7036
218
5770
6035
420
1606
3134
702
1935
6351
755
57
3722
5032
2471
3590
7044
1147
6988
7356
5095
1522
813
6151
3055
3169
3570
7451
2395
4783
3468
5457
5503
5287
6869
3529
1567
6549
2085
3329
815
727
7390
4872
2717
1215
2346
509
1749
3620
4112
3589
4584
2538
1560
1178
1480
615
3131
5808
5515
5400
1422
1498
870
2213
851
1659
3744
7332
5248
1022
2094
5473
4245
6138
228
1466
3306
6240
7218
4355
3827
1792
1855
5051
4275
2583
774
4716
3030
6753
7284
6810
6545
4834
4945
4529
2349
6769
4999
4464
6381
1922
6731
1670
6834
2852
3439
5274
5476
5009
4330
4772
4713
5020
6764
2651
1974
3278
6541
3085
1653
2161
536
4429
3035
1841
6558
553
3413
4004
3511
4877
4799
6844
6415
5021
5505
6638
3029
3350
2100
60
5622
4416
413
3007
1889
3840
5531
5
1218
4836
4446
3098
48
6031
6179
6727
4958
1617
5791
4811
4826
5085
4822
4854
1956
1624
2719
4555
4368
2635
3467
6620
136
3361
1562
5243
6075
4261
6052
1593
680
7176
4986
3846
3805
2
4062
2582
5226
2115
6632
674
4115
7401
2150
6236
5078
1882
379
3004
2241
1286
7359
430
424
877
6914
4734
4746
6990
258
2409
6146
5312
3073
5533
953
3508
515
3624
5177
6655
5895
2803
5087
6563
5190
5788
5379
2096
7001
6436
6024
1852
4246
2473
1848
2517
3987
3070
7279
6050
2640
5411
1037
2050
696
2869
363
7269
5847
6586
2192
6733
4565
1107
3561
983
1679
3601
3196
4380
3062
130
4198
7429
6241
1005
3405
5014
3872
2125
6743
6706
6745
3407
6791
865
3446
5613
2058
6973
5460
1987
3874
3100
6701
6376
2319
779
641
1281
6111
4800
4774
3469
7202
1207
7004
2484
559
3732
478
3584
4554
7197
6879
246
4353
4522
513
722
2279
1491
4471
4905
4816
1991
6881
2225
5614
4942
3578
3423
2062
3432
3790
723
1004
5758
857
5368
4650
6547
6949
2229
1493
3118
6478
7150
1298
3860
7067
6285
762
69
3695
376
6959
1153
5823
4264
4559
2867
1225
878
5866
2976
177
1945
2828
5036
2130
5819
6621
4341
6662
505
2269
798
2794
1819
3133
2210
3221
5135
6987
3723
3364
6303
7428
4710
4550
1568
5450
7144
4967
1474
981
3116
614
5282
2903
1814
2138
7047
5326
1047
957
5484
5904
7215
638
1866
5997
2615
3659
4129
3099
2495
2306
2239
5529
6688
6633
5205
2475
5023
3718
2637
4347
3944
6654
2469
609
5196
4889
253
7422
1845
1734
4754
1135
3265
5802
6568
876
5620
7412
4231
3224
4079
4511
4970
6248
3615
664
254
93
3464
128
3123
5057
4401
7454
5266
5746
4063
3143
6972
5805
3760
5029
6335
1931
787
5578
5213
6579
1418
5526
7168
1917
2912
3868
1193
5154
3743
2153
1966
2240
5846
7034
7203
7065
1104
3527
82
4977
6794
3189
7250
5120
1719
6483
4265
4837
32
3417
1426
654
3905
4054
669
551
1693
1377
5007
532
2811
2307
6986
1980
7349
216
1725
5049
80
4475
5018
1665
3412
4160
5837
2110
5579
4884
2938
1552
2472
4153
2696
45
5710
6963
138
91
758
6465
3115
1208
838
6367
1530
7173
372
5081
5522
19
6344
1087
1260
4207
2723
4801
2476
7011
2444
2449
3558
1939
5874
3203
3122
4664
4068
4339
1481
6555
6252
295
3287
6126
1807
3895
4100
4137
6799
4151
4118
5584
2434
1374
2289
6539
5658
573
155
4598
2654
2954
5235
5875
6345
3425
5856
5670
1204
1405
5270
50
665
2715
952
4560
6556
3104
2735
4136
6100
135
4631
2482
3553
5906
7325
3699
7042
282
1539
6521
639
5173
6417
3759
750
5986
2561
338
2270
3162
489
6746
6302
362
215
3851
3462
2879
7264
6888
2176
3164
6865
4462
1025
4940
662
6696
5787
7438
7434
768
3598
6992
6163
5424
4582
3797
4007
5483
6446
2766
6045
1186
106
2668
1770
4331
6760
3686
1403
3183
1309
1614
6957
7204
3088
7383
7331
668
462
7309
5118
3848
568
6487
6194
1519
4452
2223
6542
5240
4477
4551
4327
6412
7126
7432
3929
4184
7160
2909
4821
1010
3711
1444
6779
646
3243
4317
3606
3637
5517
4860
1714
7021
6608
716
1173
1577
2536
5870
3422
7102
4577
6027
3051
5582
7400
5354
6407
4326
3538
7447
3275
663
2544
382
3914
5094
5798
6926
1984
6685
4702
3346
7240
958
2438
461
7125
814
1452
5200
5635
636
1534
1075
5737
5879
3883
3388
3377
2858
602
1971
4827
3910
6258
1033
5405
197
4863
1746
1804
3781
7052
621
1392
2809
261
6121
5252
7225
6316
632
6200
5766
2309
6564
3585
6253
3751
4640
5691
4503
3726
3402
6013
2927
2623
6148
1170
7232
76
4124
2477
5926
2950
4300
7248
1926
5560
4491
6166
6192
5349
3562
5175
3517
6001
7338
624
2934
1737
5006
7407
4270
3958
760
7388
7426
6017
1680
7037
4309
7118
2265
6063
4492
2294
7223
1375
5992
4875
7020
2120
2897
3545
1146
676
5863
5884
5980
5998
3856
4691
1099
5002
4248
4923
36
3354
6071
38
1601
1728
697
5704
5660
2302
4132
1259
6463
4869
7379
5700
6452
4329
345
2101
2704
4736
2497
7196
597
2332
2165
2502
2578
812
2724
4831
2459
281
1885
4322
1461
401
5325
4792
3985
1860
1686
6651
2028
3453
3653
6583
6172
1925
6792
6032
86
5923
5630
1119
4517
7095
3655
5678
3066
320
7193
2771
5268
474
4011
3001
7456
247
4753
1881
7255
4506
252
5862
5546
4092
4820
1663
52
5631
1664
2190
2677
5597
4165
3889
2202
1953
6683
3899
825
2683
5607
2391
491
2329
2491
3225
613
5592
4505
2915
4139
5684
6980
2525
6522
3384
2147
6673
2611
6149
6775
1786
3757
6068
2376
2978
1762
6735
966
3839
5937
387
5918
7129
3957
4332
4166
703
4234
4980
2268
5643
3498
3161
2628
2800
1840
3360
4579
2208
1325
1607
464
7008
580
999
4798
645
7169
2900
3475
5981
3087
7291
2782
3295
541
6785
4804
7249
337
3447
968
6675
1960
5605
3513
5239
5123
5558
640
3947
4513
3878
2032
651
303
6807
7361
1330
4567
7441
1569
4387
2545
4365
3305
17
4128
1294
3639
3953
3930
2901
5012
4990
6885
7344
3480
340
2947
1551
1348
5104
2837
3080
1176
219
5697
4530
3512
3126
717
652
5838
6410
1542
4179
2316
5477
7064
5527
4580
4697
428
4751
6144
5601
4193
2585
4532
2687
1073
6085
3333
134
576
5303
4060
5137
357
4442
6505
6221
2370
143
2555
5604
1181
4474
7023
6523
370
1457
5606
6488
969
3428
6941
1046
5828
5327
7181
3789
71
3964
4073
1264
3571
745
4546
4789
1438
6623
1554
885
5999
3916
7372
1701
115
6643
4144
6331
6011
2092
3591
5335
907
6720
2865
5752
6529
2255
5454
6761
2948
1574
947
1340
4652
6269
6880
1996
4819
2581
5143
1216
7477
5353
7315
5611
4886
4454
1998
4035
4953
3783
3667
4778
6349
3675
3321
3824
2763
6216
4047
4563
1469
2738
1532
5375
6464
6967
2872
423
3948
3819
4361
6141
605
5707
5690
6554
2895
1788
2443
2608
3259
4628
3403
14
317
5822
2957
3943
3142
1795
7299
7262
3697
3138
2249
6457
5530
5295
192
2769
5364
4934
6671
2979
1055
730
4140
7287
2428
3276
2051
1252
5414
6353
1459
1158
1858
5438
5181
2711
6942
5129
1402
1290
7131
6821
5367
1471
1944
1460
5921
6919
3293
3103
6025
7006
5337
5348
3496
5491
2364
5415
2166
6531
5820
6578
4077
3273
2126
606
284
2562
1671
4594
6932
3784
6637
7301
5671
4596
3438
5193
661
3896
6094
3451
2584
673
5653
5970
3153
129
6176
404
1120
3843
279
7339
5423
7135
162
5933
2454
3465
2347
4284
2341
590
2023
1019
1918
118
2987
1063
6078
4034
3041
3621
1440
434
4989
4101
2838
6326
6905
5315
3290
2135
1291
5513
6450
4437
6378
2297
7417
217
2746
4195
5883
7019
2400
3770
936
1359
7113
2877
3633
4747
837
2861
139
5777
2617
5306
5519
3537
2090
5008
2116
5331
1648
24
7431
7294
2882
1371
761
3810
2194
4874
5818
972
6193
4993
5214
6168
1883
1906
965
6416
3842
4425
3574
2764
3861
7127
5139
7435
4421
2082
3969
1400
6142
5221
2505
2513
4272
6373
1108
1079
5089
3206
175
2098
6038
3318
874
4597
6754
3418
1223
4080
145
7323
5340
1831
883
1278
4399
4661
7146
3966
4247
4469
1732
5780
146
468
3530
6748
6921
4755
5284
3269
2363
4955
6907
1553
2664
1443
5471
527
860
2749
3794
628
4228
7071
683
2729
2836
272
6806
3173
5616
617
5978
5634
1095
3326
2298
1695
2894
3928
2321
5434
5880
3678
2421
4539
5725
2924
2285
455
296
5848
3436
4291
288
4033
1684
4016
4685
4003
4611
7478
169
7452
2324
2747
1384
7227
2878
1844
1274
3260
3362
3607
3472
5877
5466
5790
2946
4704
3869
49
3314
6167
1327
3687
6518
5909
224
2024
4450
2413
381
7397
3634
5283
3873
2565
2189
7005
2458
3038
1122
6392
2470
2450
7063
791
5241
2506
6048
6580
6223
1008
3737
1332
2374
7209
1213
5971
1834
1703
4150
529
2754
2929
1843
6453
1317
4447
3389
4654
6380
3865
6520
1144
7136
1301
2714
471
3983
2633
3392
1127
1352
707
1846
786
6293
4104
3885
351
7114
2204
4997
6314
1884
2410
6297
6636
3151
7007
1909
20
4418
6482
3440
5440
3835
1744
2939
6679
2492
2076
6824
4669
170
3280
1555
1015
160
7117
5897
2277
3385
4719
2500
3139
1547
1937
1936
1950
2780
3395
2071
4012
5147
4182
1406
7089
5228
2984
3484
578
3390
4390
171
977
3795
2274
6584
1932
4732
6690
6656
3866
5903
476
4724
6440
642
1450
7033
2228
4646
6571
7122
168
2597
5960
2357
3754
6226
2773
4187
5545
1276
4212
3728
1752
954
1773
1622
1446
4131
4907
1861
6062
4515
1427
1699
6751
299
7348
1246
2243
7039
5755
4621
6927
2463
2456
3556
5144
5107
4102
5431
7152
4141
6341
2980
1456
1066
7157
5540
4433
6839
5709
5785
3239
6339
5289
6334
1503
720
44
845
1564
7079
5261
4174
2042
991
7179
2212
1086
619
480
356
122
1329
2379
1529
2040
3397
2489
391
4618
5262
6469
6460
5984
2313
2955
3254
3124
6677
1302
6653
410
3437
2230
6998
1164
5715
5586
4784
2570
1573
5459
4787
2432
2386
4223
4256
2887
7177
4983
6995
3892
4738
897
3036
1598
4489
7336
5538
4314
1436
2256
1641
5068
2889
3160
3831
3448
941
1007
2748
1739
2487
1410
1668
5207
4221
4407
5125
1017
327
1914
7103
2293
2960
2577
1789
4969
5593
7365
4176
7381
796
6782
3564
5779
5204
2971
3638
586
1790
6382
5549
4320
4283
151
6642
721
1328
4757
1101
4417
6059
3195
3374
179
2167
4981
3823
3811
7392
330
6530
1369
2598
2393
2005
3185
6009
3628
5198
264
1655
4138
3016
4951
3181
1528
795
4098
1416
5626
3267
3588
2401
2936
4880
3298
1832
6414
5699
6559
66
2935
6140
4531
6859
283
5309
583
2641
1955
2006
3877
6872
6721
4051
3792
6803
6423
5446
6818
6574
711
7214
6372
817
5164
5849
5959
6965
5412
6969
867
2522
4014
3302
1742
2231
2563
435
4432
1718
2486
6540
2845
4893
2383
7313
3042
113
5835
1014
5775
7128
6917
5319
2970
4814
6485
6528
373
5227
7459
6566
4210
5151
5409
77
950
5955
6796
6387
6887
4684
1390
2288
2015
4038
6823
1876
1211
2691
3579
4776
2031
3829
2199
1039
439
4232
6058
6724
2196
685
235
6239
7467
3320
6875
5452
3595
4444
4992
5569
1358
930
6635
2830
4593
2170
7182
1500
2910
1240
994
6090
2108
1057
2331
3313
896
3875
1380
6619
1227
6426
2354
1282
6364
5408
1397
7062
2191
3671
3833
6016
1251
4583
6658
6723
4888
1805
6491
2600
4781
7376
6324
1777
1867
3345
2821
5461
7030
1441
6127
5520
3002
1501
3191
4410
3074
6321
3841
5039
3568
1031
5138
2430
4277
1643
2074
1150
5254
2035
3504
1054
6628
7437
6000
5153
5233
4770
6283
2425
2317
233
5086
4441
3317
5706
1241
729
3140
3736
1869
937
5056
443
2580
7259
3198
6681
3658
1316
6462
1192
159
5839
6014
612
7086
1234
7148
5373
749
5054
1585
116
6084
5741
6409
2102
530
5091
2131
5668
3717
6999
1183
1759
3879
5733
185
1011
1209
2799
4318
3460
1187
4200
1979
6079
6082
7468
790
366
6612
3951
1006
5445
4142
6181
2300
3300
7473
2211
1544
5178
6981
2806
3796
3755
5275
4412
820
1296
5245
6492
6585
6703
5077
3696
6467
5034
5532
4643
3586
58
4419
3307
1163
4711
5573
1257
4954
4544
342
6049
4625
1421
4435
2039
6278
3945
5842
3849
227
5958
7461
2175
3479
4540
2036
1829
6441
4114
6508
1536
1071
268
2688
141
6233
3241
5948
7199
481
41
1389
4379
5753
7009
5042
2898
5495
5814
5111
7333
3501
4706
2049
6535
5041
2065
2558
1324
1103
5027
2158
5185
6402
5493
5180
5112
13
7446
6699
5571
6432
4167
1463
3909
5647
2412
1797
42
3911
4055
3121
4908
484
4229
72
3381
5941
4173
5815
1084
6271
6744
477
1556
4235
3539
3505
6812
180
2009
4116
4297
712
6784
4319
1811
4500
1800
920
1230
3886
2011
914
5280
793
1133
2759
2237
6499
5576
4237
1959
110
6263
2037
2775
4708
394
5641
6480
6445
7121
818
1660
2730
4191
6473
3931
7487
5727
3245
6495
531
4189
4752
4481
1413
4701
3772
4961
196
4005
5667
1269
616
2588
3304
2359
4333
6431
3946
4740
1387
121
5636
940
6318
7450
3386
719
1428
6897
6798
1729
1475
4478
2958
260
1827
4903
6661
932
4930
1681
592
6313
4947
3058
3297
3292
3688
1710
757
4313
1982
998
5441
1307
803
4472
6270
6237
2546
744
4858
5717
4215
3212
6484
4071
1314
550
6898
5769
1140
7300
2849
2692
5675
4043
1012
3335
6849
5757
4839
6814
5702
3604
2137
290
6104
6479
1027
2930
7327
1495
5871
1023
5729
3541
643
4424
4637
4135
1367
5889
5258
1319
3111
5617
3566
1485
3935
1690
5969
5836
6828
6033
5119
2781
3242
7414
2792
1169
1835
6028
1093
564
3785
6883
395
842
4451
4192
3582
1470
1887
5714
6137
5232
3681
1029
6134
343
1092
5886
1784
3616
7120
5238
7367
4767
2362
1142
6938
6811
1254
2818
6532
4216
5273
5974
3190
1781
5345
5109
7305
2461
4465
3363
3003
5216
1815
319
2344
5290
6073
2355
332
3369
132
1021
2732
4378
1993
4516
5912
4002
1051
3347
1275
6309
3426
7085
4263
5679
1059
4126
6709
241
5174
4793
2034
988
3547
4409
3536
4535
297
3587
6822
1115
6130
1065
2659
3094
28
3077
2149
834
3356
3174
734
6257
4295
816
2761
5159
3456
7387
6205
660
600
1365
3355
997
3237
2672
243
1850
1901
493
2088
3677
6767
3643
871
695
7466
2981
3187
2197
3660
2667
699
3612
3149
6490
1200
1112
6604
1464
4894
4253
6829
5743
1141
6862
686
1750
906
2414
4336
6820
7310
244
3693
3427
4573
2411
2736
849
594
5551
1720
4338
2064
1656
5865
1640
1973
4072
222
4844
7195
5253
6517
6750
6113
879
384
1361
5723
4028
3232
3702
5915
4273
4714
6396
6301
1972
6889
6413
3247
2057
4504
4722
2982
5664
6280
5492
1001
163
2870
1351
747
1212
4848
4443
2113
863
125
1621
3908
7110
7158
5217
5821
5073
3692
5066
1636
4087
6588
2169
6815
4439
2439
1435
3984
708
7362
6742
6870
7060
6971
3521
4624
3262
4898
6018
2342
1605
453
43
7124
3226
5026
2290
3391
687
4895
5963
7345
2218
375
1388
1088
2111
2949
3647
440
2643
5975
1003
6136
4220
1506
4870
2556
7405
1995
6766
4351
4609
6634
6625
1398
3244
3213
887
1081
5370
2351
3644
2174
2642
7188
6177
220
1476
1550
78
2524
7298
98
3291
5726
3200
5365
6537
1277
4862
4707
3089
2017
3939
166
4545
1508
7304
6454
562
7252
5749
3593
585
377
3234
3617
3393
2627
5928
2728
6292
5384
927
974
5448
4289
56
3227
5475
3706
3864
6930
1632
1958
523
5321
5640
6641
6247
6962
6225
1946
5841
7341
4865
3157
4456
1767
1760
1394
3786
3283
6021
4298
6400
6056
7166
7440
4099
2814
6202
5468
2209
6061
7206
5437
3727
3569
4842
1229
6659
6695
3666
3809
4762
4843
7123
5628
4482
4194
4346
5861
6631
1920
5609
928
935
739
5502
7363
4891
4731
3712
3554
6057
6076
2772
3514
1185
4301
1778
911
6687
3271
6670
6668
5811
3032
2892
4039
6132
5352
9
4328
5149
5730
4957
25
4076
6125
4984
131
3525
4956
1801
3925
535
2703
5795
3533
6272
5465
5612
827
3880
7174
7212
16
2493
1745
2322
1994
1940
5272
6434
2564
5572
4591
7028
6851
5004
6012
1591
4304
5799
6170
67
1898
3211
1429
5744
7211
5754
6260
4733
5541
5229
2832
5666
3097
6587
5359
4236
7205
323
6215
4578
6788
4815
6669
2095
4357
7272
6471
184
1968
4473
1595
765
2699
3444
797
7154
6
4603
4569
5938
1523
485
6439
2072
1082
3093
2926
833
5320
4445
6346
3793
5152
3332
325
6729
5374
450
2266
4769
3020
1910
2372
3404
5382
979
2899
1284
2479
3614
2531
2109
3573
6546
2251
1242
6411
2652
5528
1625
3739
5121
6154
1337
3778
193
352
4641
51
681
2713
4748
6472
3177
1691
304
406
276
3015
3466
7184
3763
2931
3603
3081
2521
5979
1833
6227
6597
1775
5685
7142
3285
2295
3379
1870
6217
895
2055
6867
4988
2272
2863
2569
7253
2423
1310
1167
2739
2260
4097
2325
2123
4523
7258
2134
7244
5853
3752
2452
1056
5128
2193
5053
5759
1028
289
5156
780
5300
6425
2380
4813
1518
2140
1292
5279
5101
5165
1370
301
6611
4765
4509
1603
6264
1179
4931
5588
4244
3463
2447
2008
2847
7342
1510
5022
1425
467
2716
581
6647
6996
2129
3701
2817
3250
3550
5924
5276
7119
4463
751
5206
4485
931
6601
5218
1908
5396
2121
2712
1582
4673
3053
737
6043
7031
2047
1137
3401
4653
916
1360
915
2399
2808
5516
4795
5199
1666
3685
4507
2944
2529
6312
1597
6925
2625
3855
4057
5987
2010
4158
346
904
1484
7159
1904
986
6089
6913
1782
3339
5852
5219
7054
6991
6224
1180
203
7364
6322
4570
6581
3168
2697
5793
2171
4832
1090
5973
248
5479
5564
7025
2533
5140
6169
3488
7056
2075
427
684
6188
3664
6945
4901
1089
4933
3079
1540
1058
1139
534
144
6602
5539
4149
27
4334
2160
2647
3009
5498
2348
2397
6203
5577
4133
6858
961
4146
4556
205
1239
6195
458
2841
4670
7312
117
5888
2059
4794
3898
5387
5677
3651
5351
589
3371
4254
6511
2198
6042
6245
6809
3822
5310
1783
5098
7302
1433
4690
4823
2868
4266
291
7198
2232
622
6219
1447
6060
3148
7474
183
6910
172
311
5076
242
6507
6356
1458
3452
899
4607
4430
4460
6877
2614
6286
2986
7418
4249
84
6165
4855
4449
808
6131
1661
6250
3999
5521
5782
3109
6114
4350
5934
5136
6369
6845
2145
7087
1268
4846
3716
5399
4602
3640
6961
6164
6741
5781
5474
6489
6934
1473
2510
3455
1563
1318
1779
3766
4730
6657
7043
1600
3767
2669
89
1711
2462
1763
6840
5864
2422
1235
6092
3117
3376
1024
5873
4162
4564
6190
7094
5756
5381
6458
6978
4581
6773
7072
2280
83
164
4384
4022
5330
5362
4729
3352
6826
892
502
3025
5657
1
5705
2940
3807
3689
154
6022
6290
5304
6576
4404
5166
4308
4203
6873
2884
2053
1886
728
6765
5443
4405
5455
4542
7286
4604
2445
1616
416
5031
73
1618
2857
2133
4566
1662
5429
1839
2630
5347
2873
4524
5341
7485
3542
1453
3454
322
1238
3358
4267
7003
5497
5369
3366
1483
5618
5633
1467
5115
6277
4717
2961
5146
861
4386
2942
6645
6838
552
6418
11
3328
6287
306
3549
2226
5534
4122
4525
848
7267
2906
3575
3186
4374
3461
5693
182
3888
2705
1165
2603
4677
5264
1412
3382
6732
2464
3674
6158
2262
5426
5703
3725
7328
7329
2709
6448
7100
2876
6401
230
873
3656
3483
7486
1810
2649
6036
4403
2706
3720
4123
4841
5478
4070
4626
97
6294
2041
2922
1645
540
1531
4366
611
5599
6249
487
5179
4536
2001
748
1018
3690
137
2604
4197
6572
2541
2087
65
7439
2020
6265
1197
2813
1541
5419
437
1070
3650
4448
7389
5499
7186
5482
4688
4148
1708
1651
127
359
1678
59
4971
6797
6985
4803
6936
1490
2720
2937
3457
6591
111
596
3163
2303
5126
4381
5472
3005
4440
2144
3050
1256
6813
6284
456
2330
2254
7458
2340
7201
6175
3764
3917
1368
2551
390
7053
2488
2073
6093
3236
5451
1674
1247
4315
5202
5208
6856
984
3900
705
1067
5982
6328
6404
2127
6614
4408
3610
364
5277
7425
2951
4775
298
5570
973
1516
344
1505
4488
1132
6649
6819
6725
603
4188
2345
3965
5796
2424
5845
358
1345
4852
5242
6112
2744
6513
6213
3341
6718
5421
1894
1002
1599
46
149
2339
508
6039
1527
6157
5624
1354
2874
2022
2385
5881
5553
7442
2917
7050
3749
1999
6777
1357
3572
1113
2726
367
1715
1733
6704
1279
4009
4938
3845
442
2247
4044
6430
212
6714
1205
33
1785
575
273
5692
1154
4896
4024
5404
4414
769
6246
992
4457
2848
4779
5929
3129
6147
1189
2314
5251
6716
6002
5162
4120
5223
3490
7099
607
933
3974
2152
946
1431
6365
4053
1697
4373
5001
4476
7040
6527
3665
2646
1415
3357
355
5488
5110
5654
1903
4095
3800
4521
2490
1647
1306
554
150
5075
7055
3217
1673
2864
5148
6960
2504
5333
4720
3012
104
2827
6228
5773
6644
620
5393
5030
1478
7069
354
2070
207
310
5322
408
5851
2148
5750
3249
6244
2404
595
2403
6841
7145
6698
5168
393
4217
6878
826
921
5490
316
862
6689
4258
4161
6606
4902
5307
5062
2532
2067
6040
2328
1723
3503
334
2665
1195
2757
6896
3024
2078
6595
3046
3229
348
4143
3623
399
6650
3063
3540
2334
1052
6592
4183
7489
7278
412
1821
4372
2750
1796
4015
516
1758
5184
7014
3083
7210
3934
5550
6801
6160
3017
1705
4876
5809
2168
167
1034
5407
6298
6976
5807
2310
6783
4928
2839
4987
4406
2377
4941
3202
3240
5402
2315
2613
2862
4735
4924
449
1921
5665
3768
6863
900
153
918
5826
2552
3282
4610
548
5145
5646
7415
5625
6030
2629
3867
378
5857
5563
1667
4467
472
6759
1761
6922
4571
4648
2007
3311
3632
2875
5943
7391
1353
1077
1219
349
6789
4750
2787
405
5372
2188
1823
5867
5024
5288
512
3000
1851
1716
558
6047
881
4262
2886
6383
4994
6389
1837
6155
7472
7277
1727
3429
1581
7430
426
3544
5339
1244
96
3854
6874
792
7282
6296
3494
7134
7449
3998
2575
1497
3434
1048
5580
300
6916
2902
3808
2437
232
3057
2943
5469
1515
5983
3887
4699
5105
3850
5648
2219
3567
240
2466
201
1263
519
5470
970
7470
794
1255
5695
7463
4645
4113
5568
3502
3657
756
2308
1943
4782
3710
2336
2616
3013
3338
7460
7035
54
7222
4074
7016
7049
3222
5380
2702
1557
3375
3817
6857
6359
1237
4201
5302
6422
6598
2257
7484
1020
7384
830
1334
7475
5639
1350
4094
1685
3119
4018
6447
4498
5432
5907
3499
237
7455
1245
3870
1985
5595
4548
3820
4553
741
3731
18
191
1822
5067
7314
4093
6884
3443
7265
347
3968
4856
1311
2680
4818
6711
987
2227
2119
1535
445
1602
226
1439
4817
1395
7057
4344
1424
3272
5719
5425
2373
4642
5388
1013
2286
7273
4514
7321
3477
6837
312
6613
5946
7406
846
3199
6162
3788
1168
5410
6573
4121
7083
3336
5048
2695
5680
4912
236
2275
7078
3114
3068
5789
2021
4394
4512
3481
6717
5575
3952
6599
314
6577
4299
538
2468
7153
5055
3127
5170
3270
3255
1315
1646
429
6319
675
2457
2807
644
5977
190
3636
1608
2788
1364
1372
5518
4686
3141
2952
7217
3801
6808
4269
7457
859
2107
204
2178
1612
3110
811
2453
1741
742
1482
1682
1813
5919
5827
21
75
6153
4996
3663
3776
2645
1717
5113
5124
3458
4502
5363
5417
3252
4879
5892
7038
1895
407
1080
2992
3039
1045
4935
4538
1588
4995
4288
6178
5449
3441
5467
2913
5902
3228
2352
2528
3828
985
5523
5767
3753
2793
4427
4205
2999
4825
6268
2983
2179
2559
6350
5878
499
4857
2537
4287
2368
3476
6617
3735
3491
1129
5590
714
1100
604
2928
5192
4310
5552
1102
3489
2195
5537
5236
7270
7051
3367
5652
256
5598
1105
142
459
3897
608
88
2776
318
2540
213
1828
7316
5813
1769
4634
543
4910
501
109
2105
3172
7350
3534
7165
572
5916
3919
4965
569
4031
2620
333
1751
5378
3979
3370
5830
6831
6736
1228
5696
6206
1445
2589
1604
5224
2084
978
1378
1283
6494
3599
6516
6892
7476
5542
5763
2619
7058
5662
61
4835
1766
692
2182
2139
3408
4959
6786
4321
3092
2516
1747
2638
2080
2151
2587
4196
4766
4204
4306
5265
4897
5155
1210
1875
5587
2933
6618
1571
3435
4756
411
165
771
5510
5792
4392
4833
6428
3193
5771
4305
6451
2156
30
5079
7228
2618
544
2606
4830
1981
3220
5716
6758
1333
1862
5017
5797
3253
3560
6526
6279
7061
5887
6876
1957
4777
4619
5804
3714
4352
3956
1401
2941
3288
470
778
4125
627
1172
5629
5047
1524
1160
724
6793
7224
3904
3064
3409
460
4224
1182
5952
6964
173
3927
5267
2888
4470
7436
1687
305
3989
1266
3750
12
5163
3510
2245
7251
5669
6707
6666
1109
6330
5800
2973
847
3922
3891
336
6360
3994
2844
738
7241
3804
3065
3312
3008
3424
2701
6466
831
7352
6503
633
2607
7480
5786
4069
3486
2593
7257
3565
452
6051
909
3932
302
4882
3741
7246
4242
5589
6243
6622
5376
4280
7115
6778
2371
7088
7216
7409
2815
2264
4883
4382
5603
6722
6501
7151
6115
6575
4739
5794
331
6536
238
3027
6210
6616
3629
6504
3758
3992
2320
2512
7481
5281
5108
5329
2576
6771
5762
2465
5656
5850
6091
5291
1295
2812
5834
1548
5718
133
3762
3774
266
1111
2725
4758
3492
6008
3327
4568
4534
4426
1794
3670
3991
4742
3368
380
6182
2762
7080
2338
1847
7076
7237
4915
5764
6937
2455
6180
2402
3611
2896
6730
2390
701
767
2543
1533
2737
3289
2498
1611
5898
5567
821
6222
1000
7330
962
5132
2431
4041
3680
4156
2718
5931
81
1069
328
5965
3166
1270
3340
3630
2767
3858
736
5464
3721
7297
3325
34
1639
3343
1976
542
4170
0
2663
4828
1130
7242
4362
2601
2276
3730
5346
753
7101
6338
2183
6133
6752
4274
1977
1698
5644
1177
4867
864
3006
94
3495
587
7371
2549
4635
582
2043
3054
1583
5939
2591
5829
869
274
2382
4601
3208
309
4017
7172
6900
3526
2621
1217
4279
7097
626
1106
5768
2236
7221
875
6403
1188
6929
1123
561
7027
2825
3175
2099
504
2217
839
5444
6968
4683
5956
4105
3668
5435
5334
3682
3210
1149
2086
1465
4480
4849
6118
4495
3652
4920
262
5774
2287
1992
4048
4064
7351
4964
840
5176
4276
6525
5739
1331
4695
3470
68
1623
2685
6966
971
3400
1756
6589
766
1615
6755
503
4749
4868
1694
2407
4864
6663
3597
2281
6496
1771
1730
3773
5127
2019
6074
5954
5890
95
7213
2810
1873
2122
7231
5501
418
6083
10
4455
5637
385
4656
374
6868
2089
6386
4557
1964
2822
5080
5131
6891
591
90
6909
2389
174
1486
2631
1382
4978
4788
2959
3421
3410
5596
4032
4937
419
764
6299
392
4259
6946
3125
6274
6323
6640
666
6242
5524
3268
2567
7185
1824
3056
3997
396
3661
7292
422
1221
2278
1774
3500
2323
4268
566
3815
7288
397
4657
1806
5371
4411
2945
5203
3830
194
3263
388
5458
943
270
4605
5263
5383
64
6120
6846
959
6629
