5829
478
5911
1001
75
796
7169
5958
7271
6540
2154
7196
2331
7319
3264
3874
5452
3181
2704
4401
1689
7305
821
2691
1748
3440
4263
1164
911
1421
1814
6001
3209
4807
1074
5947
6021
1549
2442
2119
585
4143
5470
1512
6519
6283
1779
7042
4623
2640
898
6919
4632
897
3603
2137
4168
1614
5963
2459
1047
7460
4830
5323
6343
490
2008
1612
2719
331
5023
4225
5915
2944
1078
7248
6943
6475
2936
2306
3723
6442
4360
160
6640
1863
4537
2380
1609
4864
4393
3562
6130
2574
6945
1107
5755
1646
4523
2345
2163
6352
7311
4202
23
3837
5150
4820
3407
4274
5438
915
2603
1836
4164
6251
6562
206
7021
483
7363
5547
449
3890
2652
3336
6467
4650
3446
4567
2298
2146
7387
1720
6670
271
5689
2788
2915
6454
6889
5339
935
6221
3232
1226
5941
1635
777
1602
6015
4563
6373
1959
3261
787
4861
5896
4762
4411
2370
7419
3904
1703
1673
6278
2017
5768
2734
163
2278
4324
4029
6864
2998
3162
5827
6004
3924
727
4921
1469
1201
374
2879
5610
771
2061
7477
3058
2037
3154
4027
3395
3886
4107
4047
5252
4037
3846
6968
382
3304
2488
4666
2375
388
7425
3672
6514
5490
3374
5442
3725
6675
7044
1864
5257
2629
4119
5118
5018
7436
3438
7094
2166
1762
463
1515
3129
750
790
6856
1516
4179
2206
6676
7081
7204
3808
6040
4649
7310
3097
4514
669
3702
6764
364
783
7326
1006
5650
549
2468
6880
5333
1784
525
5562
3592
7161
2432
6560
3959
5424
3486
4913
6437
4267
1666
2349
459
2179
4007
2489
2225
2131
6841
1597
6520
5459
4463
2896
3351
3275
5084
1019
6128
3597
3259
2248
3087
5906
557
7325
6734
3532
2202
2461
7199
1425
6878
566
5315
5904
5125
4317
5362
1473
5379
1494
5910
4643
6010
2203
5367
1199
7278
289
480
6264
1615
3070
3581
6829
3343
497
4512
7045
2593
1407
5165
6382
5769
3459
3546
7249
4217
6262
2958
3706
4472
5582
5187
6937
5328
5614
2439
5596
4094
3267
5006
1920
4297
4150
6882
20
1488
5043
5075
7011
7072
1049
4916
2621
6039
2767
834
5566
2923
7090
5898
6942
5230
3406
4898
4750
4305
5922
3660
5718
1042
515
5282
1636
7364
5434
4477
1451
4885
1810
2886
1708
5839
6095
3236
2000
5748
4092
1962
248
4448
5051
4930
3820
780
6345
6940
2242
616
2887
6611
2128
1617
5798
717
4981
1029
4971
7158
3183
3756
4086
2399
6697
6286
3640
2016
5013
820
6329
2529
6490
1598
697
5733
7340
4831
7332
425
1014
6696
217
4590
4385
3241
6732
3966
4469
7478
372
7334
3272
3410
3483
4583
3650
3419
4739
1804
3507
2390
7206
5665
6363
6971
3024
4987
6191
7421
7124
2623
2189
3927
3901
2451
5679
3474
1096
5157
2791
5704
192
1416
6474
2547
5857
2067
4196
4311
5744
2613
562
1661
1327
4346
5489
1955
2190
7443
2195
2327
5411
333
1717
7270
153
2682
695
952
4599
2742
3147
2812
6409
3481
2634
2427
7106
532
1638
698
1466
4015
4698
2167
3340
290
7193
5463
5430
2448
4947
3792
4096
2425
6347
3342
5645
2614
454
3333
135
5880
3550
5293
4661
354
7178
474
5421
619
6739
119
3136
4203
1620
3189
187
1657
3053
1155
5026
56
1066
2995
4983
4596
4226
3294
5767
6332
7285
2100
7328
6516
6207
6044
4279
1960
5601
3921
5649
4481
2913
1138
980
4313
5565
6415
5154
6246
249
2776
2496
1712
2681
2275
3214
3226
2220
5992
3598
6387
4478
471
5791
6167
551
6720
4803
5183
6455
5048
5961
4937
3618
4780
1051
1713
6771
126
5085
2076
709
2996
4545
3944
1954
3978
7227
3776
6194
807
1439
3314
5400
2549
421
6633
5692
1400
4254
1584
365
4604
4067
4871
4609
6837
7372
5044
6874
1496
6293
4720
4805
3465
2724
4034
224
640
2164
5627
3575
1977
5444
4199
6043
1057
2885
2423
6536
5021
4061
6694
5752
4736
4815
1247
2645
377
2107
1688
6700
3823
1059
3307
6750
7239
1593
2984
3146
992
2779
4665
7431
4270
5364
2545
317
4062
823
3022
1365
1297
1504
1099
5212
5242
5858
3469
4265
4751
2186
587
7303
876
4862
4216
1973
2268
6790
3699
2035
6346
4255
838
3990
6507
5358
1741
604
2490
7369
4809
4133
1189
2049
3816
3947
4413
822
3111
2968
5900
6271
4627
4925
4171
6835
6987
747
6783
6802
2544
80
114
1971
4755
1853
2228
5178
5190
6727
5658
5469
7005
1321
4729
2874
6489
2324
7195
5686
1686
4509
7318
5539
900
1764
6609
3400
634
6086
974
2784
3266
5412
6668
358
3740
2081
3646
5249
2484
1272
4174
999
4841
4333
7336
351
175
4476
3868
4026
99
1124
3437
2316
6013
2454
2602
1953
2086
3712
6133
6150
5311
6451
7406
2561
5246
5103
6785
1480
7182
2013
4177
4500
292
5927
4256
2642
913
363
1449
3449
6197
6567
3931
1901
3300
181
1813
2826
4005
829
1896
1424
22
5334
7293
3953
6822
3372
1832
7013
540
4507
5706
6989
6947
4761
1472
4148
5277
1834
6571
5957
5322
3028
5129
1950
3987
445
386
109
4243
1366
5124
854
2501
6356
4099
37
7250
7480
7139
4129
554
1109
5730
4696
4465
4625
5407
3568
1729
3156
4685
4860
5260
3572
1848
2178
1399
4471
2946
6566
1387
246
6242
931
293
4900
7272
1978
3913
1808
3738
4464
6733
617
3749
637
2853
3033
7429
2414
2595
1030
4524
5052
1980
1146
6800
1725
3256
2835
887
2876
590
3081
3551
7312
5950
672
7287
3063
5433
569
567
888
6847
2969
70
7295
2604
6972
4522
5076
6825
1589
1288
4969
439
201
2158
946
2389
4435
2753
3717
6017
1815
1866
7274
6792
3744
6316
2992
6563
6701
5684
230
6795
2758
2099
5111
4013
6385
3834
5247
6766
5175
2804
4957
3801
486
4348
3041
4812
792
3610
5725
4039
277
7
6843
806
7252
67
6336
202
5528
5661
5502
453
3327
4920
5087
3134
660
1405
3007
1354
3977
6623
6457
6884
6819
703
6338
715
3426
5784
6254
1404
238
5540
4247
5681
1350
7473
1922
2132
2182
4997
5415
4467
3329
767
5476
1795
4647
6828
4151
5833
3735
4882
5274
2774
3187
770
2249
2781
4275
4800
7461
7259
5038
2607
2710
2330
5397
5532
799
4455
4456
1220
4388
1375
1173
3179
1370
653
6757
1341
57
7032
3049
6616
4483
2866
2568
2515
6084
2805
6871
3482
118
5783
4610
3541
63
4974
6925
6270
5029
1156
4162
5801
5244
3815
1009
1910
5169
4872
2564
1904
1923
5699
6422
5372
2066
804
6235
1085
7337
4977
6707
337
2148
5188
1239
1734
3076
5937
5666
2372
3227
651
3441
3745
4899
4791
2208
120
893
3042
335
1355
4598
2097
393
5290
2666
508
3879
1858
4180
6900
3976
732
2264
1826
4846
3225
6598
1902
4787
7007
7380
3951
519
2473
3920
7423
3930
428
6348
5534
5447
953
5802
7322
6765
7399
2209
82
3918
3766
4571
3634
3014
4224
2211
570
7389
5504
88
4002
5195
1351
656
3553
6240
5055
576
2838
4658
4227
415
4342
2481
6261
2368
5067
5295
4680
5423
6760
740
4530
1068
4657
3858
3525
5820
5860
6149
7320
5189
5145
2517
6709
3644
1884
2483
2360
1346
690
5225
3023
7002
6801
305
3245
6684
7122
4502
1847
7487
3793
6839
4065
5795
2445
134
6915
5652
6522
252
1755
4587
2477
6848
283
6823
1956
3394
2070
4390
6754
7230
5803
1823
4784
1770
3611
3043
1640
4789
3071
4901
5131
6203
5530
1163
4954
47
4690
2718
745
710
1944
714
5050
1467
5455
3829
40
4132
1502
4041
6807
7291
3128
6070
2598
1069
250
4694
2284
7000
6787
7344
2382
1233
424
4692
3942
3787
2507
5503
2743
2527
514
465
295
6306
4673
6614
5465
2846
1994
7097
362
4030
6535
239
5102
3903
7155
5572
1159
5398
1984
1833
1658
5186
5519
5010
2498
2869
6935
6054
3929
6745
3045
5101
394
6870
4525
673
6276
2654
1322
5743
2970
332
2740
3390
4688
6006
7262
1881
4734
6144
3051
3894
1207
6269
2705
78
4442
6875
2226
3871
2138
4634
1285
6586
5673
3902
11
3460
739
2319
137
6913
2914
1835
1295
1958
6503
2173
1493
4518
1357
811
5276
5143
4403
1500
2952
926
5229
6931
3408
5000
4788
4952
3734
5419
2232
4310
1662
4799
7043
4575
2392
107
4963
5301
1983
4326
6208
52
670
6625
6089
2897
1785
7047
3397
3260
2290
4550
1765
4556
3988
451
3795
5840
2508
1273
6165
1202
2698
6320
537
4315
241
4628
3971
6690
3800
188
4100
1007
1027
6887
6029
1524
4945
325
1260
6119
852
4264
4588
3421
6775
927
1650
2072
1819
960
3681
1642
4207
4510
4066
5636
918
1058
1735
1213
6803
3471
2420
1283
3999
1132
3263
5158
3759
4024
6131
6166
4303
6033
2533
2493
7172
3827
223
6612
6354
849
2955
7400
3217
4938
2948
2371
2843
2386
3750
646
1010
5672
6093
5511
2279
6976
749
809
2807
6274
5697
1634
4059
7167
5930
3635
1150
112
5117
334
6377
6362
1567
571
147
1914
6859
6479
2890
3159
6206
3382
5966
6487
4109
4889
464
5705
7489
3289
3664
1264
6210
4911
6140
5474
606
6799
5928
322
1667
2024
5491
5171
6370
534
3875
4356
5477
4215
3719
1113
6090
1643
6059
1442
5960
6606
306
5374
1801
2941
5972
3730
4022
6708
7181
5030
5224
3639
6471
905
3213
5541
1840
648
3064
2089
5751
420
797
6901
3628
3108
3212
6008
1652
4399
4653
2303
5826
2965
2292
3864
1361
6934
1965
5507
5819
3363
6304
2339
3194
1560
6973
607
5456
3888
6209
6154
3484
1817
3380
2288
3961
5130
494
4407
3368
7317
6865
1033
6678
966
356
4678
1317
6949
3554
6704
5584
4547
2678
7170
5671
2431
6428
4521
4440
2663
501
738
401
5409
3673
3318
5458
6268
6747
5925
1799
3037
3512
1453
3922
2465
7284
6108
264
1274
215
5074
6853
1280
5231
1456
6960
391
5998
3109
498
6833
6061
3080
2664
805
2534
4606
4048
6410
4873
7209
5917
412
457
2567
2034
3030
4114
6547
2296
3696
7426
5935
6298
2001
496
3537
5626
7361
1747
427
6780
5310
1086
1787
5877
4857
5525
3172
785
7435
4743
276
2077
6225
166
4438
313
4080
1343
2870
2943
6258
1401
3165
3439
6469
243
2617
472
2902
3116
4084
6703
3755
3700
2844
7458
6512
4967
138
3248
2850
4009
6599
1809
995
3126
5386
3152
2888
4032
1601
1309
766
2589
955
4260
3345
3381
1045
4165
83
7086
4128
85
3092
3853
5907
260
2907
4292
330
5263
6607
5884
6826
2334
7388
5804
6399
5726
7144
6062
7290
5049
7023
5480
2754
3622
4756
2639
2006
197
2233
4876
707
1383
2411
2450
4827
7362
3670
1812
2045
144
7474
4887
3544
2924
4021
6879
4495
3308
6011
3556
1311
1654
6317
3589
3666
3335
2800
6052
7109
6666
4541
719
4833
2218
5799
5794
5040
4895
6071
3207
1790
7245
3477
7467
678
1119
2880
2136
921
5872
4339
204
793
3851
4459
2287
2824
5159
3560
6681
5781
3671
5338
2562
4185
5842
353
663
7420
1204
2304
1824
2702
649
1126
642
92
5020
7356
7118
5591
2830
4106
5146
1396
563
934
1995
3637
3247
5882
6565
4144
221
4781
1380
4804
3724
3354
2261
4409
6984
1485
270
4364
4372
3506
7488
3873
1700
76
263
426
2615
3645
272
5548
3760
681
2300
6323
5938
3386
4897
4924
5341
2254
2301
4866
2931
2219
4641
1976
6662
6636
3235
3113
6137
4205
552
3239
5201
6716
755
7347
1194
1997
6120
1540
1491
2332
5895
1072
6881
4127
6643
6630
1419
2864
3492
6538
3570
7392
3727
4774
6302
4835
5825
6002
2170
5069
2580
341
605
6064
1927
5797
369
2530
4447
4122
5068
288
4605
3992
4204
6500
5203
7037
198
632
853
5822
3306
4982
4116
6066
152
6505
1889
6573
2798
203
1774
6448
2434
5611
2462
4262
5355
505
3188
6492
2555
6434
5009
6198
2495
5019
339
2945
6581
4135
1610
4998
5905
6037
7335
541
2224
2706
3812
1304
3499
5587
3807
4387
7331
2959
5980
2983
3104
4418
7413
6761
4655
3935
975
4025
256
6496
958
2901
1878
5071
4894
3323
5598
5945
2882
6932
754
4929
572
6420
2563
1908
3221
6263
6542
6891
3608
3123
4474
3932
5595
2374
2596
1744
1083
1562
6158
2744
728
3284
1024
6287
6928
4358
7308
244
5824
6369
6424
1002
6186
4704
6315
2871
4555
3
5376
7136
7153
7430
6635
7444
209
2440
5012
1231
4173
3993
7089
2404
7365
6483
4161
1388
142
3151
1478
4868
2747
1255
255
4238
5870
2667
3688
631
7061
6038
2514
3625
6460
680
2592
1237
4683
4943
4237
7104
1938
2976
2585
3099
901
1731
6877
1369
3683
3923
1161
5391
4499
641
2916
5208
1991
5600
1919
2241
1306
3720
1830
2675
2785
4103
5162
2579
3803
3270
2559
7224
3301
3252
1052
3082
1872
6368
4068
4308
3347
7132
212
851
4376
3339
5924
3166
706
1128
6620
4329
1477
7003
1829
2351
3285
4228
2183
4776
4569
6118
908
862
4277
54
4475
3940
9
4201
5211
1573
3912
2354
5326
1349
5199
6435
940
113
1095
2063
2608
4266
269
3431
6297
6866
6510
4090
4253
788
2088
1223
7069
2811
3065
2482
1411
140
4648
7138
2273
869
5160
4839
4314
4961
5608
275
4958
7041
74
7010
2243
968
1224
3761
2773
2987
3036
5754
7385
5818
5278
6123
1465
84
1599
4811
4905
7164
3119
6418
4749
6580
3497
2630
779
6279
6956
6228
4670
6344
3909
5152
6407
3722
4712
4336
231
7236
6161
7174
6742
4069
6830
3321
4016
722
1760
2002
5734
7066
5883
6831
5978
4579
7416
2294
1572
6082
3096
7314
4194
165
2476
6791
3895
2240
1278
742
5155
1071
3167
2516
3893
4405
2571
7125
760
1461
6579
5307
3473
7187
6113
971
6842
1656
6395
568
7417
6950
4533
2441
1874
2180
5742
6682
7232
7012
2421
3695
6030
3509
1279
4693
1171
7246
6189
748
1368
800
2289
3609
638
6776
6498
157
1020
6367
4620
3863
4210
7103
4548
3476
6660
6046
5078
2393
5349
1579
6142
5258
1230
5848
6574
5844
1420
556
3526
2121
4844
7355
1290
1701
3268
2677
6386
7402
956
7381
6653
1114
4909
5575
1214
4767
4381
5921
4331
3163
7026
1852
1084
342
1925
4931
5092
1225
4157
6391
2940
2499
5667
3844
902
4516
757
6218
5316
7065
4956
3153
1543
416
6744
6655
3667
615
5808
93
2153
6559
5625
2449
2295
6815
674
6699
42
6645
5735
4072
3338
873
1140
535
6170
6652
1806
6227
3303
419
7018
6400
6023
6222
4519
50
5492
2205
1811
3531
2787
7323
7346
2235
3520
5057
7357
3905
6429
5677
1895
6817
5462
6378
5478
970
1487
7105
3190
4786
618
6351
7168
6642
2479
1192
4352
6035
4513
5629
2611
5168
1218
6774
6751
1063
758
4754
1513
254
2860
654
6494
3280
2601
6561
39
6589
513
4870
469
4156
6148
6511
4710
136
1308
2700
1238
7471
6199
389
1428
6341
3855
2729
5454
5653
2524
2537
7149
3231
5142
2043
7117
6767
173
6065
2055
507
4773
6834
3516
6067
2175
933
578
6618
4505
1182
14
1447
2311
6481
6550
3341
2658
1683
5914
3403
808
4783
7292
3583
1681
4261
4131
216
6651
682
6136
763
4506
1705
812
4672
3124
4752
5287
4633
6671
5431
7302
5526
476
6440
848
4395
2852
6981
7029
5817
5518
6698
4159
4989
4200
4884
4793
4112
986
6813
704
2305
6926
4057
5127
2494
4382
4000
5418
4733
403
830
2395
5148
6773
3414
844
3768
8
6244
1301
5384
5015
219
1750
6624
2842
7238
1626
210
320
433
6101
43
5115
7449
1603
867
7108
4888
3892
6946
6737
5715
5926
3062
431
4927
3149
44
7137
242
4845
4573
46
4779
5579
6431
3295
2150
58
5392
6294
3208
3711
731
1435
6627
4221
6793
7024
1468
7214
6568
4932
2772
6310
2786
4549
1536
600
2192
5984
3498
5289
2761
2575
3371
6601
1789
4679
5014
5483
860
6906
5363
4412
1326
2052
1761
4766
5335
6121
962
1791
6421
2884
1892
6229
5780
969
1367
6944
6892
4934
6122
610
6779
5787
2548
6814
4914
676
1408
6125
4078
4639
1931
4436
7205
3967
2350
3185
2285
7301
6289
218
3450
4147
7052
4251
6220
6162
3348
5892
3662
5607
2015
1537
977
7055
791
5811
7208
6124
473
7068
5772
2046
5778
6683
7009
3095
7121
3631
2692
3782
863
6371
4142
2627
5834
3952
1780
5993
2542
5871
7306
6772
4089
5151
1215
6967
4153
4970
4252
4319
4597
7084
5426
1623
1165
1064
1209
5828
405
2764
2900
4485
59
3302
6237
4490
3809
6080
1665
5694
208
4296
2255
6782
4874
1307
5853
6648
6631
4419
149
3897
3974
4527
5728
443
7316
4538
3089
2845
3769
1216
1580
3899
87
5133
4991
268
1271
3160
3743
2417
227
3316
3117
6592
6768
2665
1611
4966
3606
3039
1732
2406
2538
5209
2050
4980
2684
3106
3269
1338
5248
2834
4003
1377
4689
7338
6590
5788
7221
1528
4576
1172
6266
4182
4389
1444
4926
3453
2267
161
6397
1586
3107
700
4875
4312
4748
1531
2458
329
1457
3832
3687
2756
5494
4214
5266
7176
2690
1376
4612
5192
3773
2084
1385
1440
3845
7082
4847
27
2780
3388
2313
3887
5481
4212
1353
6152
3455
3396
5173
899
5894
4808
7433
117
6869
312
991
5420
5664
729
6554
2379
479
5774
2378
3223
6450
2111
1839
4638
6252
5153
7276
2903
4557
4284
5202
6524
7407
7288
1373
583
1939
304
6465
2263
7442
5302
6426
5796
1514
6079
2919
7073
2823
801
7472
1841
352
6
5635
2176
129
5505
1021
232
1981
3883
5226
3144
5471
644
5573
3244
3495
6480
2809
1169
4211
4300
4877
892
6408
4858
2891
4586
2308
5460
6215
381
1618
3215
3230
910
689
5874
3100
6922
5135
2877
2271
5388
6924
5270
5959
3521
3573
3651
3889
923
2660
2905
5065
5662
6169
2659
7166
3798
53
6045
586
1197
2566
4629
5166
5885
2762
1771
4817
7345
3093
7200
1827
3072
2551
4724
5556
3986
998
3685
4028
4244
2142
6012
4675
5901
2861
768
3669
1613
5365
2990
658
4713
581
1948
45
7062
2117
38
2689
4838
5589
1374
2521
3508
5513
4759
3997
2997
2079
180
4823
3938
553
6713
3617
565
4366
3514
6253
4316
4614
3361
601
2336
5897
7225
1875
7370
1947
3826
6204
2135
2759
765
3018
1070
7215
7329
237
6622
1698
3836
3475
6911
1481
1935
5956
1206
6515
2920
2082
2818
2373
3197
4175
4840
6539
4064
4295
613
4337
7255
2253
257
6488
1739
1637
5668
6921
1702
2181
5574
6313
4321
3960
487
7258
4775
4010
865
5946
3881
5025
7211
3061
4239
4023
2424
5062
1284
4984
6419
4999
132
3359
3751
1364
1319
6936
1664
402
4149
3434
6508
699
5402
5550
500
542
6646
5255
6613
5765
786
5404
4826
7057
2160
3643
4574
220
1916
5300
3287
1378
6226
4154
5054
2736
4618
6602
1778
3693
3557
6260
2523
2299
150
448
5467
7197
2102
2553
6359
5217
1691
629
6689
6862
3818
235
2929
7277
6585
6687
2661
5273
6291
909
7150
7036
1035
4656
1645
5977
6036
7321
7464
5709
2932
1398
6312
7074
1281
3840
4676
5836
2187
6466
3936
6249
3490
2018
2246
15
2591
1008
3131
1287
6824
4190
2239
1143
5256
693
5854
2511
368
1379
2207
6205
5348
2071
4615
4035
7188
6849
4374
6172
7126
1320
2685
3494
2383
819
5640
3569
6534
2873
2746
1131
4613
5588
7056
7087
4396
7427
5017
6784
3789
3021
1123
4334
3328
6314
6664
125
6452
6667
5553
2650
2325
1660
361
2251
1828
6725
961
3493
3878
922
3564
6619
5862
5909
64
6157
5045
2109
1050
762
5994
1090
4233
4006
1436
6396
7033
4496
1203
3880
5964
3517
3427
1641
3237
502
5603
6003
4663
3377
650
2536
4206
1162
6582
28
6569
3729
3653
5634
1859
6610
2765
5134
7289
5093
6328
3331
6827
4020
4933
1347
3624
2161
2755
4878
7438
7207
1011
1243
5243
5948
2525
907
303
3031
3055
1191
528
1221
4451
5931
7240
7294
61
6964
6322
2550
7424
1946
2364
1777
6230
6077
143
5053
548
7156
5378
7093
1719
504
2435
2656
5583
1590
3741
2999
7454
4197
6525
4113
3677
6755
1269
3086
6216
2671
5112
282
2472
5501
470
982
2829
6433
6578
4515
5495
6255
2878
5036
1917
2260
6903
7260
3714
6180
7212
775
436
5389
3867
6777
2578
7481
226
2058
4813
3392
6637
2732
5403
7034
1333
691
3620
6794
3996
708
4056
7269
5866
1714
1921
5759
1018
6175
3540
5047
3299
3170
3330
3828
4879
3822
1310
4402
4745
635
3788
7017
2789
4677
1023
735
2535
2637
3561
5773
6485
1044
7004
5758
1437
5245
2486
4160
5325
6051
4347
4880
3654
5210
1616
5027
3122
499
6786
1932
1559
5395
718
3600
5642
3199
1926
2827
4473
3358
3513
3452
1292
7341
1726
7102
2819
1942
4595
4051
628
3579
4198
2328
4986
2572
4777
3201
4626
5061
6657
5079
3442
5716
6886
6058
2169
5121
1625
3366
6417
4461
6650
4425
5701
711
7160
460
6380
18
5063
7349
6305
2904
4079
4055
2673
664
4045
19
1687
2750
626
2895
6375
5682
3821
647
7185
3736
5970
6521
5088
818
3192
2140
782
1861
6963
2352
1409
3384
1529
1685
5451
2429
6025
1888
2857
298
6372
4063
5674
6501
1759
5688
866
5227
4484
3286
2769
5641
6658
2792
1102
6183
7070
3293
5090
5893
2056
2883
5265
1097
13
3344
5899
5630
6673
4674
5380
406
3733
733
4234
1894
951
2466
3917
2985
4380
4111
6259
6257
4772
2110
1168
7059
937
985
111
6034
5838
1004
7456
2546
3694
7383
1152
6541
2991
3332
1031
396
2020
4426
3602
1433
1489
1232
1446
3566
959
2152
2348
5619
6436
1000
1402
4050
3698
1999
6075
1672
6139
5330
1709
3258
523
5119
509
2926
2957
536
4400
3839
841
1445
2586
1492
5943
3420
3463
21
4936
2030
4121
2683
1248
3955
1056
5524
286
976
1495
988
1913
7077
6861
7115
3656
383
3810
3865
3480
2638
5982
6381
5516
179
6846
7146
1022
6425
5485
666
5128
4462
2376
5975
7384
3171
6138
4723
4681
753
7067
3642
6159
2502
7313
7231
5016
1249
4635
1289
2635
2114
301
7367
1585
3401
5350
5609
7213
1003
3511
6379
6677
5712
492
5995
467
3607
299
5685
4378
5747
5859
1265
5971
4091
6232
5113
7101
5475
1170
7210
1041
2141
687
418
756
916
3663
2816
4737
5216
1857
4158
7063
193
3811
5776
1122
4373
3501
7366
3613
3443
2165
3142
7107
2799
6533
636
2716
5724
4232
1300
5815
2039
2937
5881
3970
6438
5034
2848
5204
3962
7151
4362
2256
1137
7375
5185
5996
5952
6050
1393
6340
2467
1865
2060
2112
195
4561
7333
6845
5929
3290
4183
5618
3050
5732
6145
4458
4420
5847
3032
928
417
5035
6307
2541
3757
539
3779
6576
4268
6088
575
7440
6647
3882
5695
30
1183
159
1193
2863
1252
2216
145
1968
6022
3415
4470
6763
5473
511
516
5766
3989
4607
392
4166
4539
3141
6383
3288
1838
1974
1886
3652
7223
5024
7267
3665
1519
1117
6907
1079
6486
6867
1391
6781
3020
3835
1802
6873
4904
1475
4386
5096
994
2283
6110
2193
5110
2200
1668
6019
7297
3074
1570
1080
1907
7241
3599
3002
4498
1236
3833
5537
348
3813
6156
6171
2069
5072
2503
7217
633
3003
4449
4953
4269
4768
380
4829
3464
2113
2975
3522
2966
2455
1276
3311
4968
3659
5360
5132
5167
4912
5184
3458
5109
3454
6277
7475
6493
2605
3753
422
2366
6584
5437
5296
1850
2833
942
3721
1706
6303
1769
1111
1429
4383
1990
781
1798
2822
2222
7251
7368
743
4290
1605
662
62
2346
2237
5517
4979
7128
3504
6032
6556
2042
1849
25
3411
4031
6644
3026
912
2022
5002
6239
1075
3872
4241
7035
1655
6196
2777
2078
5239
3857
2104
5617
645
3591
1181
2859
2974
5347
461
6256
6588
3596
2872
1198
3249
3205
2814
1649
4753
205
1788
5305
2949
5983
6143
2674
3633
4542
1108
7304
7154
1677
127
2513
2337
3019
1539
1360
4975
3429
965
1352
6600
3488
6127
5700
3132
4540
2409
4973
2631
5253
1822
4343
3046
5760
1538
7395
2388
712
3423
6439
2910
7327
3496
1544
3861
4553
4367
6702
6361
4667
3467
169
5544
3771
1796
3705
489
5832
6992
3814
744
4379
3479
6331
4280
5354
357
4186
1582
1390
6756
2353
4417
1256
1028
4691
1334
7412
3346
2669
5508
3975
4602
1362
2989
3118
720
599
327
5967
3558
5821
236
603
5425
6740
167
3980
3242
6912
3576
2624
1296
2009
2741
191
4564
4806
200
2391
2143
3073
3472
679
3806
6526
5361
7162
2583
3708
3135
318
4287
6126
657
6595
6092
258
5381
725
6726
3168
6530
29
6464
6898
3528
2928
1546
5066
1745
6202
3203
2463
573
3101
6187
1212
6461
123
7373
7171
3310
7147
4867
5205
2670
5488
3112
2763
3545
6416
225
5851
2343
2171
6933
1406
1964
1275
3678
1511
6809
4218
627
4130
6661
795
4259
6295
2333
6350
3206
5675
5344
5670
1250
577
4730
506
538
2038
5445
6117
2033
26
2083
66
3763
7459
1144
7485
2118
2028
6472
3000
2272
3963
5521
3195
773
6724
589
1633
435
455
3690
373
35
7243
6073
4466
7476
1372
6016
3276
4728
5830
3770
2480
2314
6482
2041
4810
7410
6513
105
4282
7203
1773
6453
580
5435
5693
3433
1993
978
2147
2697
6888
5554
1286
1112
2679
2649
5429
4044
4883
2643
2130
5214
5446
6885
1862
7079
186
6178
1924
6939
1358
825
4452
7050
3928
5116
2134
2120
1898
3115
6896
4726
5831
5599
340
5878
5843
1325
5764
1166
6509
2557
5440
176
4948
3559
1175
5179
3957
2398
2751
2212
2405
520
7142
6506
6069
4126
414
2365
828
4585
3911
2413
1890
6081
5369
7265
4962
1534
997
3926
314
3337
5790
5387
2276
5719
1463
68
5094
1318
692
5317
7088
5450
1937
815
2412
3416
5855
4891
7457
6333
2875
3068
5753
813
1818
4146
5714
4960
3468
6558
2930
7119
7040
5886
4796
4479
684
3161
7463
5220
993
1413
5676
574
4193
919
1392
1178
3629
2014
3356
2309
3365
4725
4042
4245
3630
5041
408
4101
1846
3251
5875
4531
5385
5903
1432
5564
1792
355
2836
3510
5098
3424
6985
4795
2947
7483
2274
6852
6854
5223
547
1462
6728
2032
100
2727
5782
3784
3726
2185
4558
746
5908
4278
2199
5240
1533
5739
4863
4422
5413
6342
2358
3843
5570
6850
1323
1259
2485
5176
726
7441
4600
1607
3444
817
3946
6855
108
1972
4141
7378
4603
1443
868
6393
6055
4188
6672
4169
4554
3515
6923
2464
6930
6358
2471
5264
1331
3325
3783
4959
3950
1498
2019
688
6097
527
5275
5037
1807
2849
7405
6594
6587
4988
5443
4624
349
2633
2291
6564
1575
65
4105
3824
5846
34
1012
2068
4340
16
1869
2469
517
5268
6591
6669
51
2317
5215
7135
1985
1945
4229
429
4167
1115
2047
7264
4423
752
6309
5639
3078
6545
245
1040
6470
7486
2057
48
1733
652
5655
6245
3910
4976
2735
6736
4353
4707
3995
4138
5823
5727
5136
2426
2973
6104
3234
6752
741
6706
308
2963
3948
3969
2532
5558
5283
723
4790
1554
7266
2430
1267
1381
1624
4856
1176
7110
4722
1704
1329
4504
5988
4351
769
3524
5738
4491
5
1330
1696
5546
2369
6200
4323
721
4191
4071
4990
1277
6838
6444
2357
423
2396
2594
1982
1723
1
1148
5628
1510
6695
7447
5083
1530
1337
1647
4085
5299
4855
5888
4394
1775
5461
1716
4551
3066
2198
2297
336
5923
104
6224
598
3059
2101
3428
5410
482
1870
2065
5352
761
3184
3542
3025
466
4834
4213
4546
3732
5390
4742
3052
6497
1196
3758
5137
1200
847
3580
3298
3841
3200
7453
4145
2021
546
7398
98
582
6217
724
6308
6840
4428
5375
1877
233
2917
1936
3009
437
2565
4644
2428
6147
131
2726
6319
5919
3265
5228
2286
2
6860
2590
397
6778
4568
5605
3595
2231
1081
4645
3621
4392
3746
2280
6388
493
4240
6555
6027
5536
4662
3979
3010
6638
7145
4994
6916
1996
315
3747
4123
4098
2918
526
2500
3130
1751
5082
6798
5292
3945
5979
4995
7190
3587
6299
5602
3549
4338
827
4008
938
963
1145
1417
4288
5891
1520
2064
778
4572
1588
2558
4441
2123
4697
2269
6705
3048
124
2438
1459
6458
3164
4172
5814
1899
3102
2587
2394
7254
7354
2560
2214
2737
614
6816
3186
6337
5542
2828
281
5107
2443
350
7183
2262
1632
4814
842
1550
2935
1557
2709
7409
3668
7330
5698
1768
2478
6954
1065
2733
930
1110
1501
6883
5291
6048
6979
1291
3661
5499
4978
5147
3210
2797
1527
1157
6575
544
2730
6692
4488
6132
174
1682
1756
5100
4242
2474
5261
816
7282
1211
4120
6115
6938
1153
2616
5729
1663
2519
7396
3436
5163
2497
5506
6195
5340
7256
5401
1587
7015
5007
189
4430
2012
2540
5703
1508
2400
7085
7194
1966
1450
4760
2951
5120
4235
4040
2126
4019
409
2177
3133
3605
595
1844
1423
7130
3933
1149
2782
4231
1210
6231
6894
1509
5479
531
6904
207
4939
4535
1426
5955
6241
1988
5346
2162
234
7134
4544
839
1179
543
4570
5637
2865
6193
4559
4482
1382
4176
1118
2982
2403
1710
4731
1695
3202
262
141
102
3417
2266
7403
5056
2693
1868
6335
4532
3593
1506
2795
4611
1556
440
5070
5969
675
6049
4018
2662
4294
7307
2748
2950
485
3176
6909
4139
7049
904
311
4427
2408
3713
3075
6412
1604
2085
6109
7140
3150
1190
3462
5170
2609
3015
2402
4077
3008
1856
6028
6056
4893
2898
880
10
7393
2250
1893
5545
924
3535
4848
5951
5288
6991
3291
4706
3958
1805
6091
148
5560
172
444
1721
4859
2854
7253
95
1820
5721
2806
1060
3830
1754
957
6096
5761
5077
3145
4584
1525
2892
2044
6746
4709
4906
2174
3292
1053
5606
4757
1883
5514
7324
6164
564
6719
5770
1574
5359
4309
5406
4797
2628
1067
2087
7418
1106
2236
3838
3309
7218
3398
4764
2340
6265
1486
4359
3432
3250
4
3604
879
6715
7414
1903
3548
2036
2139
3216
529
3478
2312
1245
5810
6285
6374
4928
5809
5722
7028
3273
2023
4088
2695
1302
7451
973
4170
1470
6223
1076
824
6168
7257
7482
6477
5577
3619
5001
996
5631
1100
3257
1217
4950
3175
2215
3623
886
2410
1251
3326
6094
1032
4219
2783
6188
3277
4398
2933
1782
430
5711
2708
4446
2184
503
7095
2967
4589
522
1234
5648
2618
3794
5177
5559
2456
1332
5863
6628
1523
3594
1345
5441
521
2307
1794
7173
4137
6504
3005
6710
4124
1630
3157
3533
972
2075
4946
5059
5889
5383
6897
4257
561
530
5939
4907
4341
4038
2720
1521
3854
7299
1038
6185
7448
3632
4306
870
6890
4424
1104
694
6712
1134
3817
259
2321
6114
1619
903
1039
2556
759
5989
4630
1522
6970
3056
7273
3781
468
2470
1410
2641
1167
7455
5351
2988
4118
3011
4792
5999
7382
5345
5095
3998
5865
7445
987
2606
1526
3085
4642
4566
5535
3054
6281
3796
240
4486
5262
5522
1312
3238
6596
784
2801
7283
5464
6085
5279
7192
4903
5144
1730
5033
3848
3964
3825
5306
5856
1918
3764
3079
3317
4325
1722
6174
964
4344
3090
3680
2512
1783
3985
3254
4592
6910
1240
1952
6430
6969
7404
1653
5236
2433
5298
1497
5370
1566
3385
2053
6355
4258
4415
2576
1678
7129
89
3626
3409
6318
7233
3405
1558
1005
1061
1772
6473
625
1105
1228
6523
3842
7133
7343
3802
2356
3178
2204
7091
5590
6762
6325
6478
2282
3369
5156
347
1975
284
3774
3503
5414
6427
3565
6326
4404
6615
6413
121
954
1929
446
371
734
5708
2048
5218
2124
6499
6553
5089
6986
3016
5985
7083
6974
481
677
3088
832
398
1979
5660
1930
4794
4940
6759
6832
1648
4828
2644
1845
2387
2090
6024
7300
4881
5720
2581
1397
1621
1263
3689
5527
5845
4163
668
1594
4671
2359
6005
4230
1120
4222
2573
2197
2636
4660
550
2893
6098
5861
7401
3627
6868
2367
5468
3451
3555
3710
17
3001
5498
1503
3703
5622
103
2347
5841
1121
5313
7039
3767
6190
6192
7076
6546
6284
584
2539
4460
6491
3067
5336
1147
7179
1786
6730
4941
3860
1576
1093
4732
177
5196
5523
1316
7484
2837
3941
5327
1253
5678
1724
5586
2738
4702
2620
558
6980
400
1101
5031
2597
5028
1532
5749
4384
983
3709
3219
3243
1340
2422
12
2832
367
385
5294
3357
1418
3006
943
3353
302
4747
5221
2377
278
7452
1389
321
228
1139
1092
6993
5555
4223
2619
7100
3939
2446
5638
4236
4902
4250
2522
6927
891
7123
6389
2092
1229
6998
5657
2815
2007
5918
2073
2172
4853
6743
1596
2133
835
939
1438
5200
2191
2011
7462
213
2157
5646
6674
5393
6072
6007
3715
222
495
2680
1715
6053
5493
5643
5213
3319
1125
6983
661
6741
1474
5284
5616
3435
323
6495
5944
2457
7092
4273
2962
5081
7051
2302
3943
5592
3777
3648
1941
7428
6863
1911
6957
267
1816
2326
3636
3370
6201
1553
4073
399
5399
6243
6116
294
4075
4220
2025
5308
1758
1740
6405
4646
1441
155
3229
4307
7025
6639
1422
6296
6680
6087
5329
1184
2696
6182
2757
7163
378
1970
1048
6941
1957
4444
5512
5453
5238
2820
4291
1684
4701
1013
1088
2771
686
1294
560
158
77
5180
3791
2711
1535
345
7112
5099
229
1298
6999
6184
1415
6808
6820
4668
1680
6577
6518
1871
1743
1592
2851
6390
803
1158
1851
346
5416
5368
3485
6626
4370
3013
2632
3204
4416
3615
1577
1876
1644
3125
2881
2839
178
3114
1464
4453
3262
5191
6537
3731
1127
929
3891
7465
5149
5140
7116
5073
1098
794
3739
945
4951
2234
7353
1906
4332
6014
5756
1430
3105
2978
5835
2646
164
947
1940
2745
4301
1738
7350
2622
32
5080
6961
5654
110
4915
1135
2091
309
5509
4281
4580
5713
7071
3588
5280
875
4368
6994
4922
4433
7437
3047
1208
7226
1622
2277
3069
2986
2655
6273
6621
3110
72
6366
5235
3718
4552
3704
776
1133
1897
384
1873
4617
1103
5771
3647
3658
4669
4318
2971
5342
2796
324
2687
6603
896
1507
914
4985
3233
1046
5737
4271
3098
5920
6688
1699
944
7111
1241
5594
3934
5032
7411
1891
5621
4493
151
2437
1578
4816
4735
6593
2315
5816
2094
3906
4778
3518
6812
871
5104
3012
6365
3127
1089
1394
1303
5427
6959
2712
6236
1825
441
3376
1073
3057
6810
1608
6406
4060
5813
3391
882
3139
3224
3418
7376
6301
2051
6111
3271
130
2894
5578
7075
859
3701
6248
7379
1879
1261
5496
79
319
6330
1142
1969
2855
7468
71
5312
4058
6214
4865
7342
2981
4457
4699
6617
6583
194
2647
2770
5297
2149
5869
2686
2447
3425
1026
890
3038
2460
1880
1752
2125
1854
1690
3489
4601
2054
214
1499
407
2247
883
4852
7268
1342
5538
7315
442
3297
3984
3246
183
1757
2713
3413
2159
3567
2858
4304
7358
3859
1339
1427
7064
2570
5250
2342
6250
36
6789
1548
3487
3523
274
3103
4439
5973
4345
2074
60
6324
4664
5691
4616
2229
5837
7219
2196
5022
5432
877
4408
6179
5285
3552
3283
3914
1036
6151
2701
5981
5486
4429
6978
196
1547
1860
3582
6872
4832
6009
2257
33
837
774
6544
7175
5954
2213
2841
7360
2942
1268
6788
559
2526
2960
1763
4711
2778
3378
4993
1753
4708
683
1460
5965
6290
1670
7261
7450
6905
3255
3937
6718
3084
5510
2657
2155
4503
846
3034
2258
2889
7216
3849
6272
4825
5543
2714
6360
5222
4621
6608
1803
4935
3691
5585
858
168
4004
5472
343
6135
7184
6605
1583
713
3885
2921
2961
1728
1843
2115
4097
5531
366
620
2775
6818
307
6629
5974
1062
1564
3173
2453
5286
4715
2707
280
6996
69
2419
6821
2116
4355
5309
4076
1986
6155
2964
1998
5373
3094
184
2651
5864
395
5457
5563
1627
5269
3908
4686
5561
6570
4892
7446
4178
4721
3530
1694
4890
7054
6384
3590
1141
802
6532
2994
2355
6102
4822
6447
3870
5533
3919
643
6177
6958
4421
5990
3158
2252
2244
2790
2810
86
4640
2599
1448
3389
6597
1915
5181
2808
3035
5086
5777
3137
2840
2338
6722
5792
4377
6105
2731
1282
1905
1244
4017
3856
7031
6549
6398
6693
1257
7099
4289
4508
116
5515
4081
5324
6160
4320
2867
5356
6899
3387
7177
4414
6851
3799
4249
2151
2265
4741
6404
3574
2725
701
3965
3422
1629
379
1227
1363
2323
1336
4083
344
4917
5702
737
4104
1711
5690
1933
6083
2715
1258
5500
1091
5271
3174
5746
1305
2600
596
1781
2040
6463
4965
484
1476
1987
3334
4431
5318
3240
7157
438
4187
185
5953
3430
1386
5197
133
671
593
5669
5060
7143
840
5233
3362
6806
3805
5549
3775
6176
1659
5949
7152
5779
3500
3785
3060
7281
7201
4302
287
1541
1412
7228
4375
895
5304
5353
6280
6441
2201
667
3742
3191
5986
1909
6321
3748
154
3538
4012
7247
3954
1951
5194
2831
1483
3675
4354
146
3973
5731
5254
7180
6076
1568
5632
594
7080
624
291
4192
1434
5936
5405
5320
5337
6063
6962
3466
5567
2105
4687
990
3222
2168
4949
4942
1151
4543
7038
2335
5321
5172
7309
1821
2953
4397
1395
7060
4746
4560
2504
2221
6349
7191
6078
6997
6219
7390
1186
1551
90
2862
6543
4631
3907
5763
4659
5987
4684
6902
2385
5097
6414
3448
798
3399
5091
850
6047
512
3754
6918
462
7006
2723
7374
6804
6327
359
1129
3196
874
4528
296
7432
1767
7237
4335
3143
6711
1565
2416
6129
2766
3491
3180
2993
4577
199
4798
3373
2003
1912
2813
6893
2825
5011
1452
764
2749
2506
4842
2899
6238
4155
7434
3350
3876
2487
6965
4492
4654
3527
4824
6665
3819
7096
5745
2238
3968
5008
772
1842
3716
932
1581
789
7422
5422
7298
1600
5332
1270
7058
4526
5887
4622
3322
5241
3780
5800
7244
621
4276
7141
6060
2752
1094
4480
2108
6292
5775
458
6717
5182
2475
6952
5366
2217
3077
533
3457
1479
685
2954
1967
889
878
7022
1219
4361
2259
434
6233
488
4738
1335
6423
3193
1542
1130
4501
3752
7391
4454
2721
5139
6462
864
7220
5272
4636
3456
6748
3313
7098
4529
4869
1471
3281
5656
3120
7014
2329
3641
475
6805
1077
3470
4070
3040
7165
1177
261
4053
285
279
1455
326
5259
6951
3790
2821
2694
6446
5786
1482
1669
6917
6836
1639
7286
6134
884
1314
2582
6895
5757
623
4744
162
4886
2363
3655
1490
3547
6723
6634
6234
2223
4578
3253
1174
5916
4992
4357
3762
881
5436
6334
6975
2956
6857
4802
6517
630
4972
5805
5644
2528
5108
3982
4049
1606
7019
338
1676
2080
1692
4087
2569
6468
3352
4095
855
2610
1235
4854
4014
4770
4369
3585
310
4052
3804
2817
4117
1037
5806
2554
979
2510
3282
5314
6796
139
1315
4443
5448
3505
413
3707
6411
639
3772
2156
2106
948
3355
0
6057
4923
5105
3900
4489
1736
592
375
5932
1831
6686
3972
5580
3686
4327
2648
