4904
2366
4556
2093
130
3842
5019
5027
4855
1439
3988
770
5578
1032
1983
483
1093
5822
7326
5172
6994
3960
5552
6362
177
5020
5971
3711
6695
3282
4422
1137
2339
4513
6754
7225
3732
3567
6085
2671
2334
2886
2889
5107
5165
2353
2517
3921
819
6319
6333
3859
1035
6458
972
97
376
2373
3002
2785
2663
3894
906
3202
3938
4058
1291
7028
5998
1807
2797
2233
4990
5680
5869
2809
6397
4854
2830
5257
7207
1877
6796
3626
6417
2993
6003
5607
7306
3343
2313
5669
5402
6398
6038
7108
4559
6232
6647
2883
5716
5198
2752
4287
709
4729
1434
3546
3325
4585
61
1403
5946
3280
7446
2083
7156
3839
2323
3572
2265
4485
5465
6740
7059
5187
271
247
6558
414
3916
2451
236
2005
2860
677
3924
3782
2573
7327
2807
1895
4436
4285
4728
4986
2374
4364
2503
1586
438
5017
831
4662
6122
7465
3857
6686
514
3180
6953
6792
6296
727
1390
3381
651
3649
1571
3407
2015
522
2155
7358
6167
3107
5077
3697
3556
2342
1855
2699
3237
1292
4482
120
238
6452
5284
6957
5756
1323
1474
3863
6270
3956
3302
231
5739
6490
3686
3833
3363
3428
3397
6032
6130
2632
1915
2063
413
4659
5727
2799
2393
3399
509
593
2783
1487
1612
3535
1502
4037
5953
7023
6046
6787
508
3199
2547
4805
4276
4984
4498
6437
2135
3311
6150
4410
579
1671
26
7258
6278
1007
3718
2054
4943
7468
3750
6383
2704
4073
970
1395
2072
5292
3822
131
3042
566
3766
246
6650
199
937
3624
5408
80
4642
3306
1248
6388
768
5
4592
4057
287
234
4314
4247
2281
7125
2080
2520
5702
4951
7172
5376
5328
6301
728
5437
2013
370
4091
4086
549
3264
2141
4062
2417
3240
1364
1335
2009
1318
1844
2182
1179
7184
2858
3263
6652
7281
5283
4357
6160
6516
7136
2075
5841
3177
1660
4827
2496
82
7018
7084
6972
1886
2442
307
6867
6690
3576
5535
7261
65
2304
1162
930
6608
454
291
5818
382
6996
403
6127
7340
3543
688
2073
5009
5388
3354
4540
1633
5375
5881
4864
2979
3143
4340
2346
5499
4210
7463
2756
3001
7456
2969
633
755
6211
5577
5306
1490
7233
1256
1975
2219
6445
5364
2246
3879
1308
517
4496
6856
5360
2956
6074
2925
530
4801
395
5931
5118
3487
2050
7134
4188
1554
7347
1002
1189
4294
4087
6367
4554
3120
3890
2325
5916
1079
1511
1907
6264
285
531
2727
3124
6589
5116
1273
1859
3134
7378
1149
7036
3095
2553
57
765
4784
7066
6724
1933
6842
5329
6008
4178
7138
1183
619
694
3484
1658
6134
256
2022
4002
5967
1836
196
4043
1195
2515
6084
830
1041
6512
4994
3312
113
4291
5202
2367
4239
4298
2379
7080
5043
7000
5566
979
1875
3072
2976
3358
3854
6750
2151
7286
4323
2936
2406
7443
4612
1527
3495
3972
78
1210
1483
3862
5706
3408
2983
6811
3040
3406
952
2786
3191
4084
6643
6929
2180
4672
2381
7339
2643
2881
7118
5886
5471
1023
7031
5297
3747
5899
2757
4378
5843
5247
1931
825
5139
4906
1878
1712
2
216
1196
3234
4236
1943
1278
2821
3767
554
5891
6560
3029
4249
218
5894
623
290
6006
4794
6580
3044
1545
2254
1226
2973
6880
6741
5747
5143
4563
766
1786
7344
3367
3714
5543
2782
6053
4088
993
4006
697
5174
7346
6791
5831
5193
6451
1526
5106
4765
974
3743
4964
5643
6933
5911
7112
1743
2122
2753
5623
2791
7267
2198
5280
2362
489
6869
30
7483
6687
2290
6745
4328
5648
5800
4883
4229
2388
1053
2053
4032
5525
2359
2826
742
1193
7383
6325
1668
3230
2195
3227
5524
3023
3488
1773
5829
3617
2391
2192
1986
4493
1665
7181
2552
7193
6221
5343
4802
6845
3551
850
1454
4675
7310
575
5975
6746
975
995
1573
1317
3578
1037
3981
4380
2710
1783
3986
1169
5576
5434
1768
7353
1709
5010
6291
7180
6265
6169
313
6819
886
3965
202
1187
1819
6094
6631
4661
2294
1753
2898
2532
5700
3785
5749
3382
4817
5849
1019
3466
812
5144
1780
1938
358
4532
2656
4126
5268
859
5224
6095
4205
3323
763
545
5103
5216
5966
2057
6784
4830
1174
2817
4302
2031
5519
1011
5865
5715
3672
2158
3478
1566
4358
4707
2377
3473
615
963
894
2375
5067
1425
6394
3125
1460
590
3423
3216
4317
5711
6324
2315
3881
3109
1225
3799
5340
1809
2436
4627
3081
2176
1567
5061
1275
2277
6215
2550
4566
181
1847
1827
3828
443
6534
1603
3527
3376
3383
226
2754
5653
4311
4769
4873
2282
468
7060
7034
4427
2551
420
2330
4847
488
2220
4531
7472
7438
5960
4664
104
4168
1243
7164
3520
2275
6777
2622
3242
2508
925
5286
3574
2788
2469
2382
6644
6679
580
6948
7105
5748
1848
6713
3968
640
1479
730
6772
840
70
3424
329
7188
467
7040
3140
2733
272
2076
4923
2464
4946
3778
6561
2472
4856
197
1402
4679
3238
1727
923
2646
4406
920
5327
2781
62
5369
7357
6390
538
4799
2745
1761
2211
1546
442
656
7086
4445
3760
7278
519
3530
3668
4653
5758
2667
6049
1473
7249
2237
4693
4025
3084
6588
365
6355
2673
1789
4125
6507
3078
5289
2066
5406
2543
1372
5253
3196
6039
3314
4342
107
4164
4131
5445
6539
1765
2082
3499
5444
458
4170
562
1339
6907
2932
2521
7183
7197
1219
2331
5985
3224
5332
6329
834
1435
6461
775
4898
3360
3540
4591
156
319
40
6769
2218
5937
3420
2008
7264
7385
7128
1739
2849
4366
35
2447
6443
7335
792
2850
4629
1426
7350
1868
7058
1746
4772
3706
5875
2459
4243
994
2944
2960
1236
2558
171
7398
7195
7200
801
1459
6435
2309
4897
2118
4254
5786
1083
1639
5602
4696
1422
4947
2739
5387
4204
3559
5448
645
1980
3056
2203
435
5797
878
3716
1728
3758
5214
2531
2972
6407
6303
992
3390
180
5079
462
4255
4047
6444
1382
7389
176
6969
4307
2838
557
6670
771
2495
4348
73
7246
325
1574
6993
7209
958
1013
976
4852
555
7247
4256
1657
987
3769
459
4231
955
463
7460
1016
1582
6059
4796
2470
3108
3062
4641
4601
5252
3788
6144
1165
842
5795
7413
6570
1094
5285
1974
2120
3251
7124
5316
1452
7095
5279
2941
1361
2615
4140
4542
3418
7237
3852
2400
1898
4737
1322
3945
4519
4153
4283
1631
6402
1156
3324
5736
2446
5815
3451
5416
6123
5929
985
3387
4630
1621
3414
1500
6830
6216
2109
5233
5810
7129
5660
5994
3583
4240
1981
4803
1018
1155
6505
1637
3008
3948
3800
4218
4645
2607
1249
3446
4751
1485
6768
1374
2429
5475
3969
328
2347
978
2026
5421
6330
2600
1590
2984
6157
5378
305
3409
2100
327
2943
1059
7369
5011
7003
5436
7395
1221
6785
4163
2498
6011
333
5243
4848
3104
6350
632
3116
5034
6473
326
648
3112
3039
1580
6788
6099
4835
5021
3041
6556
2225
5420
3440
2085
3776
1431
2355
903
3098
2023
692
5633
4650
2868
6833
3077
3910
6142
4377
451
1251
3065
7146
7194
2070
4605
1353
5132
5545
4713
152
6639
3130
1973
2166
6021
2119
4304
4019
6755
5902
297
6648
4451
2014
4722
4038
805
2847
6267
660
1701
3897
2725
2818
2584
7153
2455
6747
674
4499
6052
1856
1043
4564
7265
7449
1205
3529
7016
1027
2488
2390
5232
1604
3660
6700
5271
3338
1610
7075
6584
7315
3580
1427
5382
3489
3317
1036
7250
377
5945
6022
2473
4197
225
3634
3004
6571
6667
6481
5639
241
1113
3579
1544
3331
5838
2651
1357
2295
529
5219
6005
2140
7423
6684
6208
3049
485
4501
2306
6034
7322
3477
53
2806
7147
5710
5770
123
6691
899
1170
6602
4504
5048
2430
3541
4881
5501
1130
817
1175
48
6540
576
3170
731
7223
2658
2768
3027
6936
4448
7151
6231
869
3700
5996
5111
6044
507
7282
4723
5611
7338
5140
124
7002
5586
1627
3671
5991
4404
5171
5868
2588
406
229
5245
4
802
7083
4115
4760
6739
4979
2202
6023
6069
7167
6209
5170
714
2394
5654
2522
1799
3285
4654
5309
1432
7222
3819
6517
5801
3976
1337
2832
1412
157
6148
5725
733
7377
3681
6737
4397
150
5541
6622
167
7063
4593
1929
158
5713
6950
2688
515
5275
2903
7175
3796
2574
816
4618
608
1122
1940
7094
6847
3814
983
5641
4460
27
1305
6203
5705
4263
4569
4192
6532
1437
1336
118
244
4119
4832
1528
639
4082
2773
5587
7452
3154
3296
7067
391
1104
2445
3212
6829
4070
3615
2640
7139
964
3701
7323
2160
6917
2512
7160
7254
3200
3461
1429
4859
6311
7029
6245
3670
4578
3775
2081
676
1279
4354
5207
4839
1977
4414
4949
1115
1834
3682
56
4570
7056
6497
1825
7137
2262
1518
7131
5588
1654
3164
293
5596
6054
5405
1496
2114
6621
3808
7087
72
223
6377
2861
7484
2221
3646
892
6406
6337
5720
5693
2693
5970
2577
274
6145
2990
4252
3902
1176
3097
5182
3441
2897
4268
6365
5956
3305
5957
7253
3391
4503
1008
3272
1532
1778
3510
5866
4044
4582
1246
1299
7260
1410
3955
1202
1963
6309
5460
4216
701
4715
1288
5742
4551
6872
8
5614
2363
3531
7458
1924
6274
2715
4579
2117
6597
4486
2599
5210
2130
3138
5178
464
5867
3458
528
6304
1198
36
6297
4412
5225
4387
5266
4944
3103
6339
7355
6882
6809
1384
2067
2368
1475
7201
3128
5645
4730
3511
7251
6581
4888
4903
4597
6244
3155
5149
6393
591
3439
2335
2840
6041
1651
6346
6340
5924
3734
3355
1892
3123
4676
6250
6475
5851
1015
5250
5260
2669
3563
6921
3708
3735
3496
6649
3940
1840
198
3141
1664
7049
5909
6029
6164
3096
4372
71
680
7336
1370
7162
4454
2465
641
3934
5115
5201
5603
3993
2533
7440
1065
5374
7064
3939
399
1677
4045
3020
1861
206
3148
827
5500
3891
4560
1918
1222
2572
3723
6889
5015
1782
4942
6486
412
6016
5792
5315
1092
2919
2977
2635
5377
1285
754
7447
3771
46
6472
1724
1026
3522
4507
242
6183
4301
3604
5951
5571
5664
67
748
4742
4248
4144
3850
6956
4021
3073
2481
1171
6128
1024
2223
2007
5738
1331
2415
5895
5461
2000
207
5880
1784
1409
469
7022
5620
5765
3335
6238
2787
1820
3719
1185
5942
2575
3475
6482
6527
3795
4065
1954
5311
3380
696
1469
2720
7174
3729
5580
368
2416
7366
6531
432
1039
1529
1673
5293
3087
4616
284
778
2654
5203
917
4350
6174
2460
2707
783
2291
5290
4196
3500
1139
6200
599
5497
2933
2133
353
2003
5504
6658
568
1951
3024
1375
6328
2314
3214
1540
813
4208
6506
621
1420
5028
564
2986
5089
5211
83
5591
2312
6568
908
1387
3504
1264
1086
3460
4876
4483
4779
455
7365
1123
6338
3344
5674
3395
3570
3126
788
732
6439
2244
3598
6651
5832
876
4872
5370
2267
3132
7454
2092
1072
2769
2603
5914
475
3860
473
2747
5589
1557
516
4207
3807
3085
14
3144
6992
1289
4682
1920
5200
7119
6794
3187
7343
5874
5159
1241
2124
3361
4588
4706
3386
2813
649
506
4930
2184
3299
569
6414
3252
3864
3300
1577
2401
2402
6191
1678
310
4783
2410
4109
5833
3838
7030
4918
7190
4637
1679
2300
3249
3229
6591
6620
5334
794
2763
255
4786
1070
387
3717
6125
304
4435
3914
166
4401
5462
3577
4375
6440
3926
3464
7487
6320
428
6782
2614
2065
7459
1054
3206
5768
2530
6846
3832
2921
2911
1605
1127
4440
631
4114
28
364
5362
437
5156
1028
7388
6544
6759
1480
2215
5722
5351
2951
1394
2147
2539
4515
172
3954
2737
6669
3713
717
1272
5085
5287
6434
5701
3557
1492
4384
1509
2101
2605
54
6485
1630
902
6379
3301
871
2405
487
2509
350
1503
2352
7099
7239
2305
759
2938
5485
2981
6479
3906
6718
5427
7088
604
3340
5494
5887
1078
4867
7482
1945
6109
5066
6314
4297
360
2440
3521
4165
1998
4130
4272
5473
3334
6876
4305
686
1537
3419
478
4853
4809
2965
6255
5305
4525
6101
2502
7479
4900
20
1806
6941
5512
7202
4235
1729
4393
7437
6351
5520
7242
1228
904
7320
5185
1000
3330
2905
4319
3322
1890
5018
1252
2292
317
5567
968
2253
7231
4383
865
2162
29
3995
7364
1099
5261
1519
5647
6001
2872
6048
4733
5510
5237
4602
4862
3432
2487
4962
4443
1477
341
4902
5686
6529
2579
4870
1864
5102
3309
587
3121
4233
4028
6146
933
4468
1363
1676
3744
6104
5176
1906
2581
6654
5583
685
4061
3110
5976
3332
5060
4890
5469
4699
1541
1075
227
5640
6771
3485
4688
1157
5239
1378
1542
3215
5467
1708
5615
5518
4258
5697
3639
4220
4477
4606
2414
4506
1134
4795
2356
5164
6327
7359
2613
2029
5161
4416
1558
1962
6997
4447
6927
1203
5325
1681
5846
34
841
1645
4306
3021
7275
5012
6494
275
6276
1885
1887
5138
3853
6579
5481
5206
5470
1845
4127
4958
1568
4437
4562
3007
6522
3101
6045
2420
148
4105
460
1699
2332
2398
3573
4671
7104
5619
5371
5080
6400
1959
5503
6105
3195
38
3656
6341
6019
3874
87
1978
6156
1396
194
4649
3512
3749
1576
4967
50
4695
397
4954
94
2298
6798
1521
1888
4183
5154
4395
626
1280
2732
2891
2900
1022
6761
1393
7127
1867
6363
379
17
2564
2988
4926
192
5069
2598
7309
706
3091
6474
1661
1040
4023
594
4198
109
344
3402
24
4553
7053
6071
1560
3175
3590
3738
4425
6427
4093
6356
7198
1843
13
7328
914
6277
161
5599
3186
3010
1449
347
5130
4866
3284
1880
2708
1421
1838
2266
4497
1188
3119
6106
3731
5760
4419
1164
944
6147
6060
3592
6153
3137
410
3629
5613
934
835
3764
5150
6803
1001
5978
1366
3356
5173
4137
644
7240
2589
5379
1967
4353
629
3291
5934
1700
3621
1643
4232
7402
7294
2601
4834
690
2719
2348
6471
4478
699
5740
1461
2659
5366
6923
1194
4186
600
3961
900
6659
45
1062
6986
6943
4879
2789
3491
4829
1688
3089
738
135
1144
2329
2131
3602
1296
1597
5941
1491
4644
2878
3316
3064
4749
7356
1591
2540
4512
1620
4014
5134
3442
967
4439
6182
791
4193
4099
4339
1622
2024
745
5105
7284
2327
4754
7276
2922
1670
1271
6018
3079
2108
5691
2702
1925
1669
6693
3790
2906
1031
560
4346
3830
7300
6898
2409
2283
4849
5336
5191
3003
1792
4050
4778
1074
4609
2468
4884
6192
5051
4555
6126
5954
2338
4450
3425
982
922
1581
2691
2419
4089
1550
2012
1270
824
6655
1004
6353
612
705
6550
4066
2610
6358
4807
139
335
2511
5301
7142
7046
534
3009
4172
3168
2959
3632
1373
710
1742
3655
3825
3131
1813
2914
6078
4933
2801
598
3498
2247
7015
4880
2652
6376
1351
965
1106
5133
1105
4315
6263
217
2020
2586
7367
4077
2631
678
419
7341
4617
2949
5977
4927
2154
58
744
2307
4988
3026
1151
857
2289
5142
3054
7205
3992
1087
860
6354
106
3277
373
6904
2513
535
5114
2655
6025
6418
3307
7424
4775
3289
4788
5761
6222
2228
3093
4909
3176
1261
3536
7013
5208
1005
7234
6342
2592
734
7113
2235
3616
6592
7273
6545
3869
383
2778
4444
2623
5870
808
1416
5584
2324
4488
6630
1812
5323
6614
1184
3533
4433
2865
1752
6430
6611
3949
1793
5326
3037
384
1659
5925
7141
3745
3327
3297
6196
4191
5209
4533
3149
6799
5071
6026
4667
5724
1081
3868
3030
5373
3625
1618
5592
1956
3524
7432
3674
5242
2837
5308
6213
3798
4123
3929
250
4341
6926
3793
1716
12
4418
6775
7042
4219
2037
2567
1464
5412
2039
713
3505
6080
605
3613
59
6464
6944
1805
5820
6911
3870
6832
3601
5122
6228
1814
5570
4281
3519
3654
6027
5064
5094
1644
4745
5622
5788
2751
4284
1949
142
3594
559
3211
1559
5606
4937
3909
5527
2333
6629
4961
2879
4523
2549
6773
6120
2684
4785
5385
852
1570
3271
5717
2032
314
2074
7011
2679
5498
3437
3261
3959
6086
6224
1277
3689
6857
3953
5816
620
6815
4280
6158
4479
2650
3105
2078
3707
3352
652
3273
1415
3638
851
1145
2611
3970
4349
299
6410
1826
1012
3630
6855
1098
6442
7295
5493
3248
3193
4344
4587
6908
3534
5687
7415
7115
6717
2125
211
125
2269
4129
2380
4145
1453
3015
2792
4660
2703
3396
1745
961
4714
7025
1414
4613
1680
1539
6850
69
6723
1265
5442
518
5413
3517
6888
4539
2948
2258
4288
3884
780
6851
1417
6387
1383
1109
16
4719
497
2812
7259
5024
4576
4735
6281
3855
7274
6577
1497
6502
6801
6852
1691
5885
6634
214
7348
6566
753
1224
7317
7285
3259
2957
890
3885
3925
2845
4102
3218
6253
2138
4955
901
1881
1465
3365
5704
7082
6710
4547
5511
7269
3631
6960
2875
3893
1114
2565
6825
7305
4623
6583
4820
6610
6361
6928
3612
4470
4351
6378
411
253
1913
3806
5904
4008
1655
2395
2439
523
4398
959
527
6091
6033
7342
6551
4174
1301
315
5431
4502
3279
5169
5667
4819
1607
6837
5964
1320
322
5041
3865
7467
1698
7135
4639
6653
2378
698
6198
2585
7170
6987
1126
3092
5226
1463
6252
1133
3260
3846
4202
2970
6605
5568
1914
3069
210
215
1695
1531
3452
1718
6152
363
2994
4053
4022
1408
6526
863
5690
4221
2947
4777
273
6729
129
2955
2256
2052
2882
847
2112
1995
3908
5626
4491
1263
3374
7266
3509
6478
880
3998
5177
1242
5269
3459
5823
4921
6218
5830
6189
5826
1984
7243
3985
6344
1167
5478
5683
2743
6096
2190
88
1025
6886
2056
4273
552
6821
7457
5249
6165
2426
2978
6081
4310
4780
149
5950
3933
147
3455
883
1922
743
1356
6466
75
5574
2746
2396
1525
5158
1961
7020
5129
6624
3958
3904
2260
154
182
2174
1324
7072
4747
4505
4704
1762
2930
5651
245
7182
670
3999
5449
7169
6541
2546
4882
7062
2434
6586
1927
6862
4889
7196
3032
3165
6171
3288
6523
804
4371
839
2251
2876
5348
4241
786
279
4158
3117
3221
3856
2888
3050
7161
1128
2102
7090
401
962
4697
1652
2867
2529
7126
3532
6860
6918
4096
1050
3031
7384
5147
390
6849
1438
4633
867
5776
2686
669
6055
6893
4969
5411
6465
6254
4121
3907
6449
4466
1191
4517
5394
5005
6827
5014
5585
7039
6500
1952
990
7186
1009
1738
112
6756
6108
1495
4995
7301
3554
5542
7117
491
758
7406
682
89
7408
4541
5906
5773
6219
2213
4732
1926
6685
1131
2811
5003
3426
1029
2457
4026
5772
7098
752
3076
1662
6726
524
5227
2404
2411
1101
6989
4762
6546
667
655
220
5926
6945
5367
3160
4237
6348
5296
5273
7245
5652
885
6875
4461
6513
2997
7471
2461
3721
3290
6102
4871
5572
5755
5754
2040
6595
6998
5083
2209
2408
1255
6369
433
5659
790
6455
3156
3919
4545
3952
2169
3589
6920
6636
2098
3702
5483
1930
5559
948
7396
846
4901
127
6901
1456
1220
6372
6288
3198
5883
1572
6660
5989
4656
5836
369
132
3205
7021
418
4683
1725
3151
3094
3780
1360
6504
4270
756
6612
691
7421
4925
2002
5646
4589
5063
3647
635
1505
3250
2885
2728
1428
3783
6715
6675
1333
3471
6977
2721
5194
711
2017
168
3421
3599
5789
7232
5298
5259
532
200
2059
2497
5084
1172
230
3739
2729
3359
4924
1244
5534
1046
3786
673
7297
6878
3858
3622
5532
3456
5540
1084
1215
666
5304
2252
6985
3777
6510
4845
5856
1944
5723
2137
2286
138
5451
6637
5961
2790
4636
3147
1897
2504
4409
2095
5186
1218
3479
288
2692
408
7414
6223
5506
111
6703
4913
5781
3075
1405
7054
2236
1346
105
960
1100
4526
1992
6572
5526
6982
5658
496
2846
2208
3725
1754
2476
1006
2296
6779
7462
2475
947
4575
1601
2201
4376
4665
4968
1259
3794
1267
4367
19
596
5303
2758
2989
4511
5896
6814
3178
5236
3804
1380
5901
6822
4074
5441
4959
4472
5109
3812
1371
2241
4103
308
6511
1306
1049
4746
7345
15
767
159
5910
1790
5780
283
7450
2815
2385
4029
807
1350
7241
6188
1536
5466
2928
1467
2046
6419
624
6116
4411
2803
3636
2802
5141
3389
2853
7165
3233
4638
3962
133
2776
4600
3662
1376
1865
1703
4905
6289
5135
2544
2964
5223
5707
2242
3703
3566
2210
5861
9
4673
5952
5295
3115
7360
6848
5383
4370
499
2010
1549
5076
542
4700
785
2365
5612
7401
3722
2913
1116
689
4234
2500
6037
2413
7416
6075
4935
7371
7442
577
7155
2115
4646
5108
4213
5025
4012
3899
3900
772
3197
3756
6573
2857
2877
5282
4333
5796
4420
7478
7071
3102
3684
6535
613
2372
4896
703
6072
4060
6015
6521
95
5262
2302
1815
1321
6268
6056
953
3445
3607
6271
342
7111
5229
5062
6887
6035
1928
1704
2571
480
2795
3422
6613
1873
2089
2576
5502
2467
6721
5054
1486
1401
2606
2143
2784
1636
5732
4508
2918
2048
5630
6180
5095
3813
5608
3184
7400
6349
3912
7485
7219
6738
3375
5052
2239
4495
3791
1596
1548
1326
2841
5390
582
7469
3698
1494
5544
5354
889
6187
6671
1444
3648
2423
723
853
1685
1721
2980
3436
1821
5790
3022
1227
5183
472
7304
5689
7004
7397
7333
500
1860
6604
5486
3228
2168
5491
6391
5928
4135
1771
3835
905
3006
3611
6840
2996
4271
5549
85
4815
1640
2435
1565
2035
439
6674
1982
2343
5973
3162
1501
4611
5392
7299
1884
3337
820
0
2234
1563
5782
3737
2051
7103
3913
334
2205
7257
1999
6323
3898
6701
74
155
6533
3501
5515
3201
5897
2926
5479
7055
2814
5999
5162
2231
2902
5516
5091
3712
3841
1731
7143
4206
1767
486
3748
5000
4800
3887
5676
939
1522
1110
4113
5495
2097
2033
1064
7033
6129
7361
5546
5221
6357
1971
6181
6587
4945
2887
5074
4975
6386
2170
2780
5854
2683
6097
1017
971
3146
2741
2001
2557
3727
5450
25
4321
2714
7394
681
2364
1911
938
1513
5453
7140
589
2152
2183
5073
5345
7091
2851
4360
2923
1020
1471
2604
251
436
4932
476
5168
1801
4431
4726
6776
86
4110
4865
1744
5681
6201
3468
1398
4744
5197
4030
1447
4090
2779
2570
4209
833
6615
2450
1939
1589
5346
6732
4524
1312
4860
393
3145
3392
1240
4948
614
5685
4011
6757
7109
4325
2908
126
6070
815
4166
1119
618
5007
5472
3990
5395
5528
136
6083
891
2129
1579
6347
4552
303
3763
3964
5492
3295
4536
5555
7032
1842
3274
1200
4997
3831
1445
103
4694
4798
7106
4703
4702
4152
6823
6565
140
2524
5915
249
415
2293
928
4098
1478
2370
6322
170
1470
7279
4120
2232
7211
6632
5212
332
6076
5422
1207
7229
3393
4107
2619
5825
2079
2705
913
5474
7037
4003
1315
2384
5458
145
6628
3963
5609
7068
2245
6810
659
5917
3453
6501
6441
6609
7230
6863
3403
1217
6826
2770
1849
4199
5234
3977
1737
4766
7149
2755
5529
4759
6416
3490
1972
1213
735
6820
4584
3172
787
239
2764
6736
3664
6448
6824
1424
5480
4692
3623
6817
1341
2694
5277
627
4157
5123
18
3270
1950
6136
2437
3136
6256
4459
6930
3685
6538
2929
1328
6068
3385
5381
3600
3157
3792
6890
4689
4010
2134
6368
1493
2068
6666
4083
5119
3298
3063
3746
352
5131
7262
2731
1257
5806
4528
7157
2319
1751
5882
2712
3090
4941
7159
3480
503
5240
7411
2697
5078
6790
416
2204
3880
4407
1034
5046
6214
779
1960
6491
4469
2982
7425
3768
5798
2216
2111
6483
5759
3903
4067
5514
2991
1090
6727
4985
3070
5036
7488
539
2591
3188
3694
6676
4312
1055
6186
5457
1889
2920
7376
773
6107
4457
679
453
6195
6028
79
2706
4993
4429
3741
4736
254
3866
2681
3561
3203
3829
5968
642
7283
2188
5933
3294
7477
2308
6020
997
7192
2674
5410
601
1734
2637
3483
3875
1835
4484
6047
6518
5033
7017
5730
2041
1800
4782
5530
2627
1823
3315
1706
1208
1173
1235
5217
6743
7085
5958
5661
3088
2869
221
1096
3223
1797
6714
3258
7417
5553
898
1154
4620
1003
533
5947
2360
5668
3680
2680
2484
4844
3587
1068
3514
5787
1538
5678
6453
6425
6854
6937
2341
5505
4423
3645
7204
3018
1769
5955
5745
6525
3888
324
286
361
4581
4223
5561
6114
2086
4359
6305
3585
2189
3931
4652
4391
2645
5180
6118
4464
7218
4149
3605
6764
2534
3410
7436
47
1369
68
43
2828
252
4885
2273
5184
2687
6995
389
4092
4868
4561
3877
5008
3448
2422
2087
4863
4336
6247
3465
6359
2389
115
6899
657
3675
1223
7101
2548
708
6902
704
300
2626
924
5638
5160
548
2196
3293
1555
777
6520
1808
5943
4520
2071
2716
2214
784
1717
4282
6983
343
4171
2311
3789
2616
5432
5753
2555
2711
2480
6688
330
1932
5774
7116
1707
6248
128
610
5650
3303
6733
5563
796
4324
855
466
5948
4345
5055
3433
6477
2045
6242
5949
2644
2890
3980
5842
5982
5235
3518
6166
4492
6336
1759
1696
501
2061
6590
6515
2376
4266
6077
2448
32
946
5314
6467
5692
6432
6578
5979
5935
2556
3693
6275
5804
3618
3753
757
3915
1413
1245
5175
235
402
541
5811
6103
1310
4261
6795
380
4480
3014
2259
6963
277
1038
1120
4516
5594
6635
811
4394
5729
2917
461
6563
7178
6051
96
2351
4651
7012
5401
6317
5276
6429
3821
4162
5300
1719
7152
2668
2624
1516
4530
2287
6554
6073
6742
2701
5098
6110
6719
3454
295
6177
1726
3688
5258
4456
1994
5523
3028
537
3278
452
3987
4931
3666
6159
6786
5657
5331
2895
4610
2569
6202
6057
5923
5743
266
2478
3181
2136
3444
160
4142
6119
5013
4608
3257
3231
6800
3353
4048
3283
6766
2863
2634
4899
5694
3849
6816
4842
4122
3927
6273
7171
3742
2935
4052
4738
6999
7334
31
6280
5126
5779
6656
372
1795
424
1862
3398
3523
262
6227
1047
996
3415
1628
893
2458
2695
622
7255
3185
2106
5310
4335
7210
3036
5307
5778
1635
7444
7405
700
6751
316
6975
441
4187
1543
7069
2620
6978
3619
6318
4668
6841
1682
3665
398
3840
2666
5037
1282
4432
5537
823
4286
3349
848
4071
7362
1423
484
5100
4514
2454
2628
2229
3048
1623
2892
5718
1121
6606
6067
1781
7429
3310
6744
4987
1979
5877
1675
3930
5088
6063
444
6487
6884
7387
1399
6910
5876
672
2536
7481
3038
536
3060
4657
482
1231
6210
6178
1441
6399
296
695
3292
7123
355
5670
3974
2207
5075
746
2336
4054
4449
5476
2161
5361
3275
1625
3581
3470
1177
3379
1988
6469
6938
7451
6290
5636
4267
4972
4355
798
2113
940
2816
7244
4343
6235
1340
3507
4072
3544
2874
243
4816
1457
4179
3690
724
4846
7070
1178
5981
4634
1854
789
3366
4260
6185
7079
1418
1286
5312
7439
4577
209
1067
4635
6709
2866
3834
5987
2490
3113
4710
3082
4936
5248
3911
7026
1747
1686
5995
367
1955
2952
2793
3404
5582
1181
374
1367
4586
6403
2144
5204
4974
1524
636
4691
5302
7007
6384
2427
5799
4773
2665
1313
7110
3281
6172
2580
4189
2647
3565
5057
1260
7453
2967
7382
5803
5677
5090
3728
4175
191
6575
5128
6922
4976
2493
5447
3045
41
5267
6396
3591
6426
1056
189
6607
936
3588
945
884
331
2937
3643
5403
4458
3826
5983
3525
1735
240
7332
1284
4428
4097
4756
4039
2700
716
510
1941
5871
1212
512
4430
2775
4147
5006
5456
3569
5688
7486
3457
1732
977
7391
3417
1647
3537
4009
6935
1051
7412
5016
7445
6879
3667
4293
544
3166
2288
1785
1258
1802
7404
3235
1779
3844
2595
4594
4837
625
4133
854
1327
3341
3957
6499
7290
3152
881
1192
7089
1302
1089
7263
3472
3836
662
3142
6812
6093
4771
1908
5222
2326
838
3269
2525
2839
7352
1293
3876
4647
861
4421
5936
6013
7120
3935
6293
7354
4818
1076
2042
931
3405
4042
5058
3438
1946
7410
4005
3476
2998
2412
4055
2653
888
318
5042
1362
7473
265
6184
2126
3236
502
1515
504
6698
2264
5751
1763
638
3596
5539
6548
2099
4465
1199
4658
4292
144
5099
6980
1166
4565
2318
5121
5581
6871
5859
1530
7206
1253
1766
1348
1436
4583
6395
5853
5265
2749
5136
556
907
201
4625
5341
6421
6662
1397
1912
3637
3320
2199
5791
1796
3061
3005
492
520
4857
1901
60
2091
5368
862
4568
6282
1891
2766
3222
232
6163
2284
1247
6493
2999
3661
1450
6313
2062
665
42
2084
3996
2698
2617
6206
7289
5415
7435
3412
4813
6212
1307
6844
6438
1917
6370
3384
3000
2582
5824
6689
1269
4242
7392
932
5153
647
4396
4894
5737
6217
1966
99
3492
2371
2148
3991
6306
4374
6007
1234
108
1899
3190
5097
6725
2931
6962
1903
1204
3173
5762
3012
943
4303
6585
1833
1507
6141
916
4257
1143
3114
6677
3011
6524
354
5179
6061
565
6380
661
7019
7314
6151
6883
1058
1987
2132
2873
3244
6287
4228
6446
4680
3377
4184
844
5157
6138
7133
4938
4167
2854
2618
2987
6892
6364
1498
5548
3449
1163
5593
1211
2810
3362
5322
4031
2021
832
7148
4571
6564
2717
5930
6939
7399
5862
837
3246
5785
4548
776
5430
5096
6316
6132
2123
378
5045
6098
7277
3575
5053
3179
5489
761
749
810
1989
1757
6919
336
6308
6233
1990
1879
5319
5969
7
1547
7213
7308
6657
4632
6241
6861
1829
7100
5769
4388
3805
1837
4063
1482
4332
3905
6413
1381
2856
6373
6249
6112
52
2568
3411
2958
1663
2590
4814
2761
3845
6366
2103
5809
6716
7311
6753
5342
2249
1080
7313
4716
4755
7185
5557
6162
6638
1870
5409
5050
5558
7009
321
4334
2159
4024
563
7426
1831
175
1858
3346
4222
222
1832
1069
5719
3526
4940
2678
405
3975
6991
1611
2027
7331
7150
5852
3133
3139
7455
359
3627
4475
5848
6375
6260
5425
3545
571
4908
348
1314
4891
5353
687
5522
5771
6040
6976
6012
4141
7386
1160
4403
5938
2185
4078
4085
973
634
4797
3328
409
4727
6946
2808
6258
2545
6030
5858
5802
4893
6913
7307
3650
4489
6858
2280
3851
1641
323
5814
935
2609
737
5733
6382
5238
6894
7177
2354
7461
7337
2945
5665
5399
915
526
1702
357
1141
6031
870
5808
224
3431
683
5554
6495
6678
4996
5356
5562
3548
2537
3695
3847
2563
5767
4362
2523
7316
6672
2578
7431
1508
3369
1857
5093
1150
4678
5556
6043
7158
1714
3901
3469
1822
311
4390
3923
6089
5459
6509
3350
3220
4915
340
5878
5675
448
6618
3364
7288
4101
2494
2149
1254
6299
2316
5507
1672
4929
4020
1624
385
422
1687
4534
3726
1510
2805
6155
2723
49
4143
3169
5151
1964
911
918
1499
1334
3571
4739
2485
6087
1613
7433
3046
3100
4399
7480
6692
3973
3232
5764
280
6230
864
5839
6598
3678
4781
1561
547
2726
814
7381
4214
2916
1569
6954
4874
769
4740
6835
2011
4392
4369
4408
388
465
3691
6711
715
1358
5389
5256
6261
2107
7010
2177
3922
5673
5213
5443
5029
4338
5872
2915
1585
1129
5827
5663
4718
5888
2629
7166
4619
5672
2328
6807
6447
3481
4331
2156
6731
981
3765
6124
4763
1352
650
3687
1466
3779
6864
6251
4016
1684
2186
2559
6873
2685
5324
2800
6480
7001
3513
2924
7096
1430
3872
2842
7145
2064
3253
4596
7489
3550
5001
4989
3262
7005
2934
875
2966
4643
4840
2187
3528
828
5631
2128
1919
5320
3896
3552
2660
381
5363
6345
7379
2200
5907
2894
4522
2648
4473
1694
4190
1535
4308
4966
3871
6661
4887
3823
5625
6272
3106
4124
1159
39
879
6682
7038
989
4363
3633
6014
6528
6569
3873
1206
2670
2034
4509
3135
4269
3653
1850
1345
2625
2630
1489
6193
6645
4467
4808
4277
956
3802
292
5333
5120
2055
1564
1733
6642
4211
6619
5521
1958
2760
3710
1355
4574
4056
782
5419
7248
7097
3669
2018
3677
4537
44
887
4160
5536
4757
7048
4970
1146
5984
495
7368
5632
3946
4434
999
2962
2633
219
6066
6859
873
3286
2191
546
2596
7420
2268
1082
146
585
5993
7375
1968
4386
2271
6326
7390
6454
5912
6843
7189
6194
2942
7403
445
2489
1385
7168
1876
3057
4917
1060
7006
3827
1667
2255
1648
2088
1602
4741
6042
3740
4674
498
4100
1379
4991
4843
5433
456
4356
2820
5628
7187
5900
6088
1343
366
3265
4104
5696
101
4598
2019
7092
2777
4690
2044
718
2197
6140
4980
1606
5513
654
7050
1656
3997
1900
5397
2153
646
3784
183
6436
1262
6968
877
6302
449
969
6708
1097
2899
1281
6793
4079
5617
4960
3058
55
294
4850
5940
4603
7228
3606
5892
5270
4036
3033
4290
3068
2477
949
1993
1274
7302
5251
2226
2594
6050
6457
5195
4296
2471
7144
5068
3774
6530
4550
6774
337
3936
6204
3287
1359
2069
3099
4500
4557
2139
5294
6024
951
5932
4040
4481
2774
4389
4920
2608
3059
988
5980
4076
5477
400
5728
7199
4833
1942
1266
3129
4983
5898
5920
3878
421
7430
4595
4018
1824
2709
2456
1653
5352
5992
2713
2303
6456
6036
4663
1014
23
1021
7419
2689
5605
6720
6335
2036
3754
5155
6625
4224
3427
2250
5905
5365
2963
4684
4717
345
5835
6694
5927
6574
1935
3941
6298
4628
1575
1158
1316
4851
1953
102
2193
1553
440
4626
248
2279
3584
5837
4770
2212
1776
2224
1520
3635
3730
7466
278
1287
4963
4928
3762
4698
5347
872
1923
5671
6959
4836
5817
5101
6468
417
6704
6404
1268
1619
6763
6205
6947
5595
843
2105
3319
4279
3345
3508
6121
3400
3820
2407
3256
4244
2527
2146
910
3435
6111
6170
525
1533
5597
213
4767
2662
6912
427
261
2819
6748
6508
3720
1957
6374
6543
3644
3071
558
6623
1791
4134
153
1190
809
1388
1772
470
3268
3843
5439
4173
5679
1233
5205
6424
6559
2116
6423
1741
6488
553
5963
5490
6462
1088
2178
1276
5349
5022
1872
4474
4405
2538
1349
2462
6818
574
4230
5812
7008
6237
426
2561
6408
4544
6702
793
7464
1329
5281
1180
5921
5805
2724
2535
6697
3493
5845
1033
6865
7373
6951
586
2421
4182
1161
1616
2638
1365
6981
4116
4614
1368
6641
4655
5380
5031
6778
4720
6752
2238
2479
762
7349
2953
2528
1057
1048
929
6988
6868
6476
764
7045
33
6176
5087
267
1066
597
1108
228
3797
4992
2428
1705
4295
2038
1168
3047
6246
5569
3506
6463
2167
116
909
7217
4203
5291
6699
3759
561
193
4176
2910
6924
2848
2222
1071
2771
1303
1947
4787
921
5358
3582
5550
578
4094
404
4278
6626
1010
664
2748
2798
1748
2418
3538
856
3486
93
4212
2453
1851
1250
6332
195
1290
4580
4919
7107
3208
4590
3663
3736
4914
5220
5092
6352
5002
4776
2827
2257
5864
726
2110
5889
3342
6321
1389
573
3482
320
5590
4161
4950
3254
7351
1077
797
3817
3474
431
3889
11
423
4957
6828
6885
6079
3772
4111
6334
6286
3503
1770
7292
269
991
7093
736
6940
3932
6909
481
6000
185
3413
7330
4455
1325
799
2690
1117
2738
550
6866
1921
5547
4922
2349
2639
5666
6450
1794
5317
3586
1869
7418
6343
5321
4743
3553
6728
1985
2825
190
5922
2505
4631
6295
2718
1411
7176
3217
2094
1147
165
212
4462
6143
6292
3053
874
6813
4438
3761
4151
6542
2243
4758
298
7318
5918
3150
2822
2358
5794
896
7291
338
6092
260
2519
6240
1587
4978
6389
5335
2939
446
5082
6234
725
868
6603
1073
2357
2870
2734
3111
4841
2742
6770
5337
7044
6331
6932
3809
2345
4670
5893
1216
1551
5629
966
2750
2974
4971
7052
1239
5215
4034
3189
543
3539
1085
64
5695
205
1788
6161
3163
371
7074
5435
6806
4059
37
5487
3017
6315
7203
2322
264
1937
2441
1617
204
1182
5070
7319
3978
5112
2859
3118
6519
7057
4487
3640
3892
4329
7221
6385
3515
2150
4640
5438
6780
4265
6300
7238
257
4385
3837
5030
3628
6283
3641
1723
6117
1443
362
3593
2835
4108
3241
6401
5254
263
729
3463
4402
3239
6961
7224
7268
7427
5821
6974
919
1354
5026
6269
6149
1451
2317
7374
7102
1787
4035
6789
663
6496
5188
5272
1045
6433
4046
5423
4789
1904
6062
2337
845
2971
5813
5565
1594
6979
2834
4982
396
4686
4246
5531
2217
1407
2672
5488
1638
6229
4330
7280
1377
3153
3347
6877
1996
3705
6514
2175
6735
2297
6294
5398
4823
1720
2855
1386
6958
6808
450
3255
162
2852
3943
429
4013
1342
4956
4138
6259
671
5735
346
6633
1863
5763
5698
268
6616
312
4361
493
4977
5988
6243
2432
4476
774
5618
3225
77
1674
4226
3971
7179
795
1391
4017
3016
4195
186
6226
121
3982
6853
5731
4510
6758
5972
5750
119
4327
5712
4316
6547
4622
1584
4400
2444
6990
4939
4910
1818
3443
882
2272
6897
3861
4669
1852
3676
4768
595
5656
7321
5873
4112
2361
3918
6681
5039
5464
2016
572
3733
4446
2946
1600
91
90
7065
1042
6459
702
6285
1608
5684
3368
81
2310
4413
1690
4424
5152
3568
4752
2636
6804
5990
4709
479
6392
1309
110
4838
6139
6536
1811
6966
5944
22
179
7409
6360
6749
2449
3267
1936
4245
5081
2263
4322
3950
2740
609
675
5417
4001
3494
309
1592
3434
5766
1777
3704
3547
4007
3
407
7077
5757
3171
4069
137
3159
740
6683
4051
4365
3696
339
2566
603
5086
7372
5708
3979
6680
1991
7235
4721
2901
1338
1882
4415
3247
5278
5621
1775
178
1934
3127
1803
980
3313
6090
5879
2163
6663
7043
5484
4148
616
7078
4861
3388
7441
1446
6781
1711
3401
1722
4471
2049
5509
2597
5228
4916
5642
6135
1841
747
233
2482
3083
5965
6371
1230
259
5649
4712
6239
984
7081
3035
6730
3542
5359
6484
1846
1976
4701
5032
289
3158
668
447
1552
6874
76
4998
1893
2526
2862
114
2804
7272
6257
2506
7024
1419
1871
6802
6131
4442
3304
3564
7393
3351
2090
4274
722
5564
7428
866
583
3947
6460
7212
5274
4822
184
5579
4573
2676
5386
567
5163
3951
4973
6596
1810
3467
1817
2301
3213
4615
2285
2425
1839
5330
2657
1484
2443
6557
4185
4180
3204
4774
386
3122
6646
6906
4907
3516
5023
302
3994
6100
4181
4793
606
6664
6553
1866
5038
4521
5721
3373
5855
2961
4677
5372
4877
6668
1896
5860
4318
270
950
5181
392
1562
5834
4681
6594
6916
4831
7215
4381
5828
375
6503
4911
1595
1514
3210
5463
6552
4761
617
2424
1583
6696
2491
551
3447
3357
4080
1238
4529
169
2142
6199
2893
5496
4685
4201
836
4731
5468
7252
2904
751
1614
2164
760
7293
2675
6307
3595
3942
1462
5644
5627
4558
6412
1758
1512
5199
1237
1749
3243
3984
3679
2060
1095
5616
1756
5784
4648
7329
1948
2276
3609
2499
1693
6154
6017
1448
7226
1400
151
5939
4711
6470
5145
5446
5844
2836
6489
21
4953
2387
628
2696
3755
2641
2025
5429
5840
540
3770
1091
1201
4169
5454
6838
3209
2299
5414
5508
6836
1111
4426
5726
7132
1578
7422
4382
5393
3709
1902
1052
1140
6207
1030
2871
3642
1304
5004
1061
2077
276
2518
6797
1311
425
5777
