598
6054
339
3110
5516
7455
2532
1914
2964
1533
2796
167
3630
1026
6952
4800
5689
2843
3410
5352
7338
4005
6978
108
4745
6270
4274
3959
4338
2205
2248
1823
705
4785
3939
1713
11
6269
3571
1345
6382
4292
4799
3802
6371
1299
4654
2849
5526
7022
5308
3947
530
7318
318
3497
2886
3457
4733
2176
1796
1001
2497
3577
210
3403
142
546
5149
3520
3880
418
1991
7440
862
5207
2673
2859
1972
4750
878
3873
4943
258
3353
6850
885
4052
1136
405
4352
1979
7375
6
4673
1990
38
5817
46
1986
3059
4075
1245
1490
6189
2230
517
235
3266
629
6072
5688
6310
6122
3167
6200
1062
328
6597
2658
2395
3156
3619
6617
5739
3536
858
4527
1205
4741
2514
3582
5805
2966
7228
4545
7337
1489
6331
1971
7342
1040
1627
4804
3337
3248
1027
956
4509
827
2394
2984
3502
4776
6008
2209
4870
2800
2218
1259
457
7443
4418
4544
3438
1523
2983
6078
7352
1781
3334
1631
4570
2464
3966
5170
3034
4732
3985
2403
4547
2939
2364
6016
2162
169
6816
1328
5878
2664
2847
6793
6906
1706
6867
3550
3150
1934
2668
4969
7442
6757
329
5184
4915
1540
2235
4971
2951
1117
6174
5343
1735
2430
6736
5476
992
7183
4356
2201
2858
3560
7123
1361
7334
5646
6470
2977
1441
6878
4866
6553
6620
1962
6594
2047
3545
4045
122
42
5249
2736
4077
5095
1318
4448
1149
1897
3990
272
1769
2623
3734
7116
1961
5927
608
4500
3826
4478
7177
5530
3614
5336
4728
5434
2650
1187
6112
5738
197
2215
1458
865
5724
1067
3418
5590
1154
5101
4990
6220
1895
1687
2338
688
2925
1037
2098
6161
3691
3803
919
4414
2492
7426
1947
6706
4240
7225
2127
4846
3796
264
6378
6205
7234
5892
84
3501
2018
2259
7378
3211
5907
2521
2185
7343
7086
5846
1731
7288
720
4054
1891
7087
5673
4432
89
6215
4053
6765
7354
1851
6176
1802
2713
5814
663
5600
1569
118
6301
2444
581
3022
445
368
5412
6165
6725
392
2501
3924
1326
4626
3754
1311
4142
4606
3376
4365
5687
2326
2746
6613
4164
4780
2739
5693
3622
3046
176
1324
4112
4669
7427
5608
5019
2534
3922
1290
6576
1393
6970
157
4239
785
5210
3201
3688
7451
4474
348
3617
5322
6040
6188
2087
930
1434
5125
7357
1756
3752
3422
1745
1554
4126
775
207
895
7287
4147
903
2806
916
5189
195
1885
3396
5806
275
2722
1705
3087
2693
1063
1436
3147
3250
1381
5407
3823
1720
5206
5881
4298
2515
1070
3316
4649
658
4343
5054
1989
3121
3245
2582
2819
2135
6527
4790
6119
6770
1935
6421
2898
2194
618
6637
1547
5103
4203
3466
1615
1795
7438
3821
4398
2034
2055
4845
5075
6520
3724
3715
3441
7020
3125
375
3077
3346
4460
4406
755
5755
1404
4884
1645
3670
2909
2050
6272
4184
4321
821
2066
3093
3108
7005
2193
1047
6937
5160
4194
1648
4101
3675
4020
3427
1479
350
2599
2429
1598
179
4830
2306
237
4932
2263
19
4979
4643
6842
4423
1800
99
5341
1351
2297
2536
6868
5734
2402
5460
6814
2241
773
3385
5220
5797
6809
5366
4165
2905
3419
5582
464
632
2232
4629
3157
13
1068
6028
2415
4697
2639
3854
5732
1101
749
2224
3811
6994
918
4195
3313
1893
550
1688
145
1096
671
3242
4891
2455
6714
2469
3971
3911
425
5905
2043
6356
1693
6955
3498
2236
6546
4175
5478
98
3152
5453
6824
710
2667
4931
4393
5291
2147
2507
2654
4335
5808
4258
1153
5904
3540
2428
3927
2812
6537
2099
6209
3807
2296
1374
5952
625
2463
6855
4003
5717
5443
3902
4417
7208
5140
4010
5800
2418
850
411
6484
3031
798
7169
1313
2068
2465
1640
297
6298
685
4622
3392
4435
1497
6288
6987
2046
3409
7110
5458
1440
6784
3456
995
607
3460
2027
2747
3210
7081
6951
6724
1152
6571
3475
6789
2721
2451
3490
3014
4138
7214
5923
4185
7080
3806
345
1380
5627
5832
2867
5168
6428
4454
3994
1544
201
5667
2032
2535
5485
1517
3680
3869
5116
3998
6425
229
6391
991
2473
7149
1843
2366
4518
116
2494
2002
163
561
6920
4507
1548
7145
5615
5219
6543
3126
5193
1029
5675
2222
1398
372
1884
3224
1221
1844
5385
830
3294
6059
7209
2947
694
1273
7320
1663
5572
3439
6834
4867
1284
2769
4535
5436
4542
5612
4739
1495
851
921
346
1246
978
6966
1247
6781
5790
3566
5519
6590
3023
7233
4760
501
3477
5264
83
5577
6616
3827
1799
4656
894
909
989
2869
3684
2307
3300
4231
722
2875
6832
6451
6426
1003
5310
1120
5914
4833
4182
2615
2500
1261
2738
3564
3468
5928
925
2131
2216
6823
1959
4945
4724
4499
7239
5727
6864
7319
1924
5694
5986
2733
1019
587
6287
437
5819
2976
6222
6057
2852
3064
674
1237
6465
4607
739
1004
747
4382
6482
5036
7211
3311
1110
6092
6819
1465
6525
2863
5568
2276
2312
3203
6088
7069
2720
4186
3507
4155
6469
2562
4247
1015
2771
5563
5504
4295
4676
1031
6100
3333
2825
2486
5985
5871
4753
4670
7121
5826
3574
5803
5200
6309
4541
3842
7036
97
2089
497
7431
6126
2824
6710
2510
1140
900
4924
1113
3585
6394
3919
2156
6129
4379
5394
5607
3325
1254
6558
2041
4589
3690
5945
1157
3539
7011
2857
3478
7165
7097
6347
1828
3639
1664
2381
300
4353
2242
6750
5872
3197
2956
7367
2686
7317
4049
3168
734
5304
23
4898
3580
2835
2460
7217
2436
4908
3546
5278
5002
4264
4459
6972
7467
4007
6927
1960
2225
347
6813
4253
938
342
3149
7483
7368
2531
4540
6869
4711
984
566
1095
4043
1035
4813
1502
1818
5409
5424
7188
2781
3348
6344
1685
5879
6700
2575
1386
4684
5920
2181
4807
709
5154
7461
6001
1198
6774
2789
2816
5223
3687
238
2284
1499
498
4409
2576
3829
4702
1514
4537
2994
7332
1993
3235
1305
5647
2058
7190
5283
1233
876
3208
2554
1488
6103
1545
6033
5988
6292
4081
236
1460
7447
2892
2374
5067
5180
3449
5953
1778
253
1134
1425
5214
3020
1005
2373
5947
6730
2611
4981
115
5632
5248
5086
4339
3521
567
6303
6139
3561
2048
4311
3380
5640
711
6755
5447
6234
1337
1931
3432
2300
692
3809
6338
4017
5964
4028
5807
4603
6890
4944
7179
1093
4556
2815
6882
1420
627
7236
1977
3638
5737
2586
2648
4038
4346
3205
544
30
2457
3659
3033
4066
3231
1710
7065
539
2914
4196
2165
3445
4174
6395
6085
5576
7302
4483
2588
5148
6776
261
2110
3236
6207
1845
6928
3482
3511
5586
6097
796
53
5690
2302
2438
6405
7026
7425
6326
4136
2120
5850
1626
6475
6931
3194
3307
5900
3629
3846
5897
7252
4004
5592
6881
2516
7096
762
2708
4513
6960
3864
836
1356
3531
484
5181
5046
4597
1296
5503
1833
2258
3129
4444
3225
7350
2313
4263
7223
4876
3486
1520
2399
6418
172
7042
976
366
396
2221
527
5327
3328
112
5247
4412
2606
7178
857
5410
6453
5866
6439
2609
6377
2596
3627
5372
6019
194
5215
5583
5968
2383
6278
6866
304
7481
2140
5796
5801
1086
835
7136
5606
6355
4797
1103
1973
7060
5165
4677
3234
1483
816
4234
7090
433
5644
221
6374
2787
713
534
6943
5292
538
791
2045
2701
6847
5776
1623
508
6053
5596
6989
837
2546
6695
3549
7078
7396
2884
5784
2202
355
4640
1121
5571
4135
2423
6133
4008
2093
2688
2874
5554
3462
1272
3269
3387
1834
2937
7408
5004
2563
5462
2740
4862
7365
500
5825
4420
5680
3787
558
6976
6787
3716
1368
468
1415
980
6192
2254
6020
4428
3270
1439
6410
6156
6141
3674
757
4852
4539
6932
4798
6172
1334
1856
4235
479
1682
5621
6494
4034
6490
4436
1749
1162
4939
743
1805
2734
2873
621
6163
2172
4619
6193
461
4041
752
4443
3759
2946
540
1184
1408
3719
3895
7197
1406
6000
4221
6664
913
927
3717
5221
7175
4187
556
4596
932
265
744
6898
6606
774
1868
491
1209
2061
6029
5512
1938
6624
6674
81
6574
6962
2239
6528
181
634
5211
3280
7382
6032
5780
3063
2652
391
5198
1448
4486
3202
4929
4347
914
4334
5030
5847
5049
3965
6427
7180
141
5114
3393
1572
4765
7283
1872
3778
2237
6678
3227
2670
831
455
7384
4429
6203
4703
4367
2779
971
2304
5656
5695
571
988
859
6486
3184
1348
1008
5334
528
7395
966
7303
4487
1755
665
471
316
6626
4188
2095
3640
7412
1585
3541
6077
3606
4366
4056
4191
1519
7329
3843
7050
2173
88
1801
6803
1283
6910
1281
466
4617
2954
1583
4858
5574
5025
5828
3141
953
5835
2188
5997
443
6291
4948
5609
6447
5831
5649
6826
684
5440
4682
6385
285
2028
5213
337
1168
3429
4850
2882
6224
4572
387
7167
1346
5316
4567
5466
5991
1728
4152
6811
4811
3930
2079
4229
5037
2426
1138
3279
1992
218
5636
5961
5535
4752
3162
1161
6004
3277
2238
926
3233
4761
1929
6128
213
3903
2773
3756
4743
4288
5664
267
7479
438
351
6101
6965
893
6459
891
2587
1611
5031
4690
2581
2952
5989
994
5671
476
2962
4995
1503
4395
1076
6530
2676
135
6871
6863
4227
6464
3455
7394
5196
7238
2308
1199
6593
770
6556
1987
4337
5097
4552
57
5769
2505
772
5789
3865
6521
1189
2797
3357
1667
1937
4416
5969
2026
6430
5898
2217
3704
3589
5902
6328
5432
1896
373
7191
1240
545
7450
4681
525
5701
3831
7061
901
4207
3538
3967
241
7127
196
3887
415
5565
4360
284
5303
3135
941
5685
1102
4650
3628
3183
6685
128
3506
1131
1727
5329
6841
3591
3166
5585
5753
1365
4232
7103
6673
4748
1344
3625
4228
2022
2192
4738
6375
1097
760
1343
7328
2871
343
6991
2154
2957
5459
58
2840
5677
4327
3666
6935
5337
268
2191
523
421
5812
3246
138
324
3881
975
3132
2571
3581
1941
787
2318
4779
519
2879
6279
5015
5048
3298
531
2933
3122
2730
6548
3982
5281
2805
3406
6534
1616
2204
3878
1798
6252
6817
1456
4376
3481
1286
1338
4277
6058
3123
4467
6185
516
3493
1999
5743
6680
2502
6609
6971
6042
2024
4638
2900
7018
5212
2817
1033
2489
203
4484
302
5380
4764
1212
5956
7024
5862
2042
2108
3089
5533
6045
1012
6314
1407
867
4108
4104
1918
6014
4663
6034
1373
5342
6561
7194
4925
4666
3575
4821
5481
1248
204
4023
1904
779
653
6380
1446
5062
4583
6351
5032
574
1213
5442
5289
4121
7430
5531
3324
6214
2227
193
3035
4492
452
829
4169
6199
4642
3398
1042
6508
1462
4517
7273
3262
4672
3221
7058
3030
5141
2918
6297
4151
3634
2290
2397
2470
6585
3504
5913
4590
2145
2257
1028
868
1596
7391
472
1933
795
3938
1211
4217
5781
6186
6488
1539
7404
3369
4479
4350
2080
5642
4707
5655
295
6515
7469
4192
2279
3568
7315
6147
3879
7072
6961
4265
6731
1839
3485
175
4361
5876
2487
2735
2520
6362
1476
643
1657
670
5729
2792
6041
1401
1522
2161
7259
2788
4717
5603
4305
5939
2167
2829
4966
3968
1654
273
7439
742
2362
2711
997
3706
7015
6605
1295
6676
4514
388
419
3127
67
4246
7488
1072
6596
3078
2134
656
4244
5195
2923
4581
3420
1468
390
7171
3469
5482
553
5912
6815
4073
6294
3945
6692
640
5034
1889
3065
4322
3710
5782
948
4787
510
7095
3708
5456
6012
3558
1484
5813
2336
6489
5108
3426
4204
1622
759
7380
2177
5849
1874
5121
2053
6638
5654
6938
3723
6247
260
6183
1787
1847
1696
191
6073
4917
79
809
1538
6047
5715
7118
7051
4035
4651
5777
2425
2862
7041
219
370
6687
4577
2151
678
6744
3833
5267
6648
3783
250
2757
2073
6079
6568
2446
1032
661
2830
4664
3180
3037
7068
5875
74
6812
2285
6580
5151
1549
2543
3444
1409
5556
6671
6704
6099
2628
2113
4150
5344
1996
5282
1139
3332
2776
6171
332
6201
1475
4290
1197
3483
5935
4974
6773
6330
1770
4555
6118
104
3828
3917
1150
6096
6846
1264
6487
612
3694
2504
6507
6753
5538
5977
2759
2157
1431
1307
5657
3548
5357
2999
6915
1542
56
5188
1702
758
6109
1742
3323
3218
4820
6431
6579
4159
1092
4630
7360
812
4853
7053
75
7046
2348
3986
1807
7187
2529
1449
5716
1718
5725
6797
2548
5970
880
7267
5618
2592
3104
4225
3770
4463
562
475
879
1309
1387
1574
833
2086
6339
4900
3934
2200
3373
3286
4788
1804
4730
1229
4304
4105
6877
6767
6373
6544
6343
1873
6945
2643
6829
2369
1312
2261
2712
2666
7276
1543
2114
5962
1461
788
4213
4886
6735
3554
7301
1638
6372
5090
2424
1529
4772
2753
5134
6435
6162
7014
6716
969
3470
1564
3372
3039
5433
3784
1906
6180
5829
5179
3682
3839
28
5683
6264
6608
3012
928
4397
5253
5779
4647
1963
4061
6454
861
4962
2906
2014
1114
2416
7468
3106
4965
748
4856
4090
6134
4859
1652
586
6144
2822
47
6693
7299
521
381
2112
3416
408
2249
5833
955
2814
5302
4403
6602
6763
6711
6981
1768
5821
2146
7000
3665
1505
5235
4160
477
922
2149
6167
4634
3220
306
2887
6549
325
6900
251
6810
962
7176
5026
1327
6600
2231
2907
6081
244
2955
2118
3532
2714
1788
7184
3099
4927
3458
2881
4163
1222
5513
1723
4857
5634
380
5950
3341
4881
7487
1018
6142
3488
164
1644
5382
6460
5996
624
6084
7344
1000
664
6948
5967
259
1646
2953
1586
3452
448
4848
2627
1358
5534
3453
5499
5856
5089
6699
2105
564
6366
2902
4022
4868
7010
2560
4021
367
3673
4998
6293
1831
1445
2103
6726
5111
5404
6500
847
2015
4097
6401
599
1813
1118
3937
7245
1242
1228
6783
4421
1905
7242
7222
5957
7336
6282
4087
7098
2839
2526
4842
1452
7263
7459
514
6305
633
4618
5043
1535
777
2837
3651
2703
811
2396
2970
6827
3389
2033
6082
6647
3613
1849
5449
6820
2316
6046
4646
3117
5177
4812
2569
7285
5544
1394
1655
1976
4611
2794
6591
5118
6323
6737
7125
1288
270
2431
4408
1053
6582
1588
7390
6433
2506
657
6715
3590
1838
3256
4599
871
5263
6739
6547
7489
6125
2432
422
5228
3707
2908
4065
726
6412
6936
6311
580
2553
5373
5379
3391
5762
2377
4318
522
6575
4266
6542
1265
308
474
4198
5553
4792
1751
2525
986
6155
655
6250
5908
5175
6436
7139
6181
2262
1010
1772
4096
1419
6056
406
5598
3863
2355
6036
6030
2195
4033
1930
4960
3443
1194
3091
1135
4578
1156
80
537
5320
3736
4447
6498
3415
6002
4485
2556
4103
6835
676
3611
4394
589
2678
3340
6683
2687
395
2155
6756
5744
6124
3870
2481
873
7471
3925
4878
594
2136
4838
4325
2170
2393
48
4405
7262
2495
429
7195
4216
5096
6998
2777
4871
1506
695
3542
1998
4560
6230
7476
4683
4680
249
7106
6522
6091
1171
1116
3851
6513
6406
5896
5545
6360
132
4362
2333
6541
6131
6611
7207
7333
1397
2913
5661
1951
6404
6708
1392
1613
3161
3251
4689
2182
1607
961
5448
6480
993
2707
6886
3463
450
5487
3487
5076
5055
6495
6158
2940
4803
2370
5074
1414
274
7091
4222
7030
5990
2414
3189
842
4037
769
4051
3774
5763
1676
3350
3008
4001
1609
1880
2836
3171
1518
7349
3579
3792
2958
2827
4462
4464
7407
6506
6228
5144
1932
4755
3920
5047
2077
1036
7465
4070
3007
3299
7218
5088
5517
691
4025
636
998
3999
1848
2715
686
1369
254
6390
507
1827
3417
3876
822
7230
5474
2680
2621
5240
60
3697
3989
7076
3552
5527
1146
782
4972
897
6956
3032
3867
1494
2229
3642
6651
807
931
679
2115
3343
5564
1274
6170
78
2896
2245
952
3725
7341
6441
4042
724
3016
7205
3140
2123
3515
5231
733
7348
2590
1477
3304
7143
5229
784
1524
4955
2198
1180
3667
1624
2031
5155
2931
3053
6423
2785
6818
2270
212
6601
5146
1763
5965
398
781
3281
3721
4137
2762
3326
1610
4166
123
3612
5611
5008
5006
1170
15
6197
2029
5663
1964
43
5524
1308
5437
6244
5670
6446
4987
1686
3359
3677
5355
365
7282
4530
4956
4655
3825
12
4880
2509
7007
3009
5518
3454
1625
382
1853
1400
6917
6540
892
7295
1629
2995
3909
5793
4501
5697
3084
1771
263
1064
6658
4740
3253
5491
5994
5082
3130
6249
5066
3727
2187
3047
5662
4068
3620
5841
1858
2376
3776
1376
4653
1210
6151
730
3261
2570
4368
2329
6169
485
4592
639
6319
6545
3563
5058
389
5439
5128
402
951
2851
3181
6713
1234
4125
1537
2365
1762
6519
6115
1266
3743
6280
110
6440
4706
778
6113
6925
1447
3703
1352
5060
73
4759
1752
6939
6340
2631
520
5472
1901
6581
5546
5863
492
4699
2743
5637
2332
4470
344
6208
3399
6741
4565
844
1595
1532
2183
6518
5584
1910
7226
4128
584
2928
3988
5579
1332
2334
5748
1861
6630
4967
1044
1046
5105
1773
3027
4875
205
6064
5768
4829
385
4671
6873
3413
5561
1978
3868
7094
94
1459
6747
4531
4994
6567
595
5254
5774
2391
5868
874
5273
3430
4131
6599
631
741
4434
3671
7257
6352
1391
1321
434
3646
1316
384
5601
5911
4558
5811
5486
2088
6354
5216
2228
5999
2656
5641
826
5204
5143
715
3118
3219
64
137
3701
6779
721
3088
320
4109
3970
2533
3661
5305
5810
5550
1238
3636
6517
690
6653
1732
860
5764
6245
4498
7291
4864
2265
4230
4968
6788
3798
6889
369
6631
3993
6751
5135
4970
2020
1492
6589
4130
1383
1056
5851
620
7296
3951
3747
6066
605
4722
5728
1466
1049
2070
5392
3974
1430
1360
4019
999
4903
1916
1262
3616
2434
1082
6491
124
4887
5192
4861
2275
206
5926
5349
2848
996
4371
800
7372
147
2382
5589
5558
6794
6856
2252
6862
719
3459
1790
7324
51
731
2280
7420
2518
908
2613
2561
5163
4819
754
6290
1165
1883
1721
7278
973
4889
4209
7144
7311
6852
444
1038
2453
1166
6718
1568
2949
6634
1660
5332
214
7156
6501
6990
430
7294
246
6386
2368
3095
3338
3522
5069
869
1507
1581
793
2936
4317
6359
1618
5614
3935
6559
1812
7309
5772
6768
6821
7486
4190
309
987
4949
5712
1142
6705
3330
2826
815
6493
5839
5713
1716
6302
4328
3605
4369
3226
2443
3618
2910
2838
134
5929
6771
223
4551
377
2651
3587
2286
5674
3997
789
675
3320
518
6062
4775
5933
4092
5446
6550
2744
2763
1501
2277
1968
1279
4071
1124
3287
2641
5365
2980
3026
763
3400
6110
4477
5910
6048
7370
3097
1637
2253
106
4496
723
5252
7340
3975
2021
3383
3045
4957
2009
6838
5384
6677
1159
2538
2784
5581
7323
6535
7387
1014
4027
6949
3683
5350
6318
1740
5955
1080
3043
2566
3755
6625
287
4767
5963
3196
7002
5836
2608
3074
3500
5376
1760
3528
3295
5909
4320
2988
2433
6679
5005
3268
6655
3916
2820
7079
460
1819
3056
6612
1200
6668
93
1051
6953
4964
615
4504
4245
5339
4710
1741
4659
6764
6063
1957
4438
960
6858
6796
7198
6645
1319
165
6984
6363
4631
3265
5605
804
432
1913
255
2619
1656
5794
958
286
1879
1761
5309
5659
5340
4289
5595
5830
4437
2891
5852
3467
1632
1995
7066
3003
4505
4593
637
1255
2289
4605
2213
4959
4609
3080
414
1444
668
6308
4837
130
5191
2450
1965
5916
3096
4691
5983
771
5164
33
1899
5580
2206
4818
2023
6786
3036
3128
1846
4296
2247
5771
5877
2417
467
2653
1633
3764
1185
4098
4661
7398
3076
3738
1677
3885
854
4468
1485
3314
3769
5300
3491
4906
2301
4312
7140
3296
4588
2063
5361
1317
2180
5972
6922
439
5029
2567
6830
459
5802
3836
4273
5854
5722
183
4999
4079
2934
5001
6074
7327
1730
2144
1347
2919
1620
6263
1642
5338
6979
6388
3645
1071
5570
3658
4508
3647
3729
6137
3815
4911
2406
3782
823
5418
6946
3090
417
1666
3765
2961
947
482
2295
699
1614
1128
1530
6407
442
1570
5869
4374
5185
5272
780
3600
4729
7379
5775
2379
4794
4598
5746
4919
906
458
3018
4145
29
68
5860
6127
187
6242
45
4855
799
3944
5241
6411
4546
3086
3329
1911
3714
2150
1512
2037
4082
3367
940
278
1310
5706
7109
2682
3067
2164
4385
7044
1726
6883
6780
2885
5234
7045
2594
3847
6997
4841
4378
4036
2801
786
2440
3425
5521
6396
1527
6983
6782
4157
1650
3583
2274
1182
3818
3144
6227
1470
3116
5944
1069
5435
5887
7032
190
393
1172
696
323
2877
6233
1526
6075
3766
2632
2059
5182
3731
158
1546
4348
1562
4062
153
6942
2049
6461
5167
77
2804
6754
2585
6399
5323
146
5159
3302
5368
5021
4930
410
3345
3170
805
1764
3434
3070
3079
7158
27
2025
4822
4039
3107
2422
6635
1127
750
650
6675
3238
4951
4747
1350
3964
863
446
3101
1342
5353
6661
2845
3797
4575
7012
3872
7227
6879
298
1054
1750
3175
6070
6627
7133
5719
5648
1215
7092
5363
271
2782
403
140
3051
7361
6872
3954
7293
3005
315
2266
3768
1653
3335
7306
4882
4625
1729
5861
5708
3423
2645
1915
2174
6532
6851
2111
1354
7275
4047
6969
4341
1566
1106
4093
1698
478
3200
6913
3838
5318
7405
1285
4170
3259
1521
6007
2211
2452
4983
2207
2255
4380
4525
1881
4721
7418
6013
360
965
2811
5224
5498
440
358
1983
3288
1402
4224
2461
6315
602
4975
5403
1367
4018
3657
2517
3679
6995
622
4566
4134
3781
1099
1675
2349
7221
1824
4396
2578
5864
3440
3105
5514
4734
2818
240
2096
2122
3282
2899
4313
1678
5562
767
3514
1734
159
2572
2765
3744
4563
2617
3177
5262
3535
7403
111
228
2772
5199
6316
6223
3969
2005
5325
907
4076
5077
4139
1783
1767
6111
6659
7203
1218
1948
6050
3191
3762
3926
469
6840
5678
3844
1270
7411
6213
2903
2683
226
3048
5750
143
4686
2671
3358
5393
5559
3381
3273
626
4276
1754
6975
3906
6334
4704
2064
6335
3176
2663
1690
1582
166
672
1504
888
6387
5422
2637
852
3592
3749
3354
1689
3609
4329
5230
1780
5061
463
5369
1256
881
16
1088
3131
4330
7290
5975
4178
532
2626
3712
3192
746
864
2932
628
4675
3746
7037
6697
3114
5767
3810
2963
2694
3635
4488
2695
7255
2421
660
3071
4874
4107
6018
4243
6557
1111
5000
4208
4168
4252
4375
3019
1202
4922
4579
7250
4481
5399
4632
3327
2540
189
2240
6415
6729
3066
362
1789
3503
3557
4554
1493
6689
225
5018
5152
3604
6958
7170
614
1467
4451
766
7130
3748
1007
3942
7232
6277
4836
4002
5682
5430
3907
4060
5085
4823
846
3608
4119
2783
7416
5937
5042
1079
2603
939
3479
875
4621
3115
7313
7185
216
4392
3143
3957
5593
5992
6792
3896
5313
654
4938
1451
1565
2101
3317
61
5827
6904
4032
4242
7274
188
5528
6825
1302
572
2353
5205
6353
1659
6271
3757
1855
1636
4415
4015
3751
1074
1757
810
5749
5818
2573
279
1243
2756
5917
4502
6654
1695
3494
1808
266
4573
3891
7466
2861
2855
3052
4455
1561
4181
4153
1331
5547
6157
3615
5299
1712
5885
1287
4193
4118
1203
2190
101
2210
1
3874
4528
6379
7186
6403
3519
1041
3267
3139
121
2965
1144
6516
39
2912
1810
7062
824
7485
489
3633
6759
5119
4644
2408
619
635
2356
6051
4771
473
5714
2327
4584
2935
5573
86
7067
1432
2813
1743
1132
5974
2698
1946
7351
6993
5880
5110
3537
2152
1298
7105
5276
4910
4384
7063
7031
698
4806
7470
4127
3555
7445
6136
3900
718
4248
6458
7304
5699
3556
4958
5638
2766
2076
2019
404
4719
6061
2462
1670
3471
3978
596
1900
1903
4714
6093
2013
2407
3812
7052
3544
5417
2004
2872
330
2141
3860
5063
6833
493
2386
4095
1251
1508
6801
2760
4877
7162
7272
5208
6267
4610
3595
5645
3339
248
4261
5427
6901
2337
1984
4777
3306
7322
6094
5995
6376
3948
1249
2281
230
6804
2880
4549
4445
1515
3543
5401
4731
6178
184
1013
4883
1129
1384
6667
49
6982
2741
6805
5314
1988
6369
4364
1303
6408
5798
6026
4516
4466
7353
3565
945
3607
1826
92
555
6762
52
3109
4358
2129
4291
3923
1333
1289
2387
7219
3805
6874
4695
4120
5925
2930
2243
427
4694
2605
2704
2375
168
4419
4562
5506
7128
2993
565
1428
3681
6241
3632
4633
1450
5549
946
5186
3363
3499
428
3436
447
3884
2128
1370
613
4899
959
2121
5157
4890
4281
3660
7386
5411
7019
3365
6414
2340
7142
4074
3120
6143
803
2929
6880
2139
494
4687
1892
3529
1330
2795
1672
7307
4574
4586
5940
5468
6618
7281
5414
4559
1179
4453
1002
4602
5886
5107
6845
6746
3073
6259
4381
3689
6462
1355
898
3882
3388
4982
1954
4660
5543
2479
3808
2749
2990
2901
697
5741
292
2591
3517
5720
4977
2612
7093
3858
1196
114
533
1078
701
1340
3495
7376
3678
6511
1195
6067
6317
2870
5190
5490
4124
7292
5203
4953
5604
4693
4383
349
5932
1854
6251
243
3411
3206
2083
1793
1357
4399
2309
6632
7126
3013
1668
6321
6857
378
5569
2294
4141
1112
2616
1277
4167
4989
5070
1671
3663
6304
6921
6246
6509
7330
1921
3085
680
1438
1857
1224
4083
1746
6238
170
5477
1908
2437
4210
6560
5599
559
3794
6761
6255
5696
2320
3547
1177
4269
7047
1945
2690
3899
5445
2866
4978
1635
6474
5328
3461
7104
182
933
3929
2991
4534
569
6656
2449
3370
6191
4099
7146
3553
7199
7154
2117
5684
1474
152
2007
4515
5012
4016
4985
4238
1052
3465
3594
552
4206
6572
322
2166
934
2052
1258
2972
3845
5007
6140
5470
1560
6607
4696
6988
7028
2208
7454
6152
6253
2821
6895
7108
2661
6364
41
6202
6260
5071
5279
5033
740
3772
4215
972
4333
2325
4892
2234
6348
7308
3918
1045
1886
465
4636
6940
2629
5625
6666
1275
5083
7248
3753
6218
4762
1148
488
5745
6562
5397
5882
1825
646
4476
2625
917
848
2
3602
3382
542
2828
5958
6529
1496
6769
5480
2488
4387
3254
1377
4758
1927
1335
3904
950
2246
6944
4307
1107
5686
6175
4272
7038
2359
1388
5698
6760
4623
334
2850
5691
7200
1866
4283
524
1835
3303
2385
6043
1575
5297
6135
2405
234
5245
20
109
5053
6926
4110
6588
3559
2672
5631
2008
4446
802
693
7163
3229
7260
2062
6336
6973
3230
513
6107
7147
7202
1811
1192
4961
6777
3586
2496
4885
7364
5844
5209
3186
2716
5455
1774
2357
2347
590
5467
4873
2142
6859
3979
426
1658
2921
7393
6009
1435
5009
96
1950
3004
1759
2677
2179
7114
681
4280
5112
1143
6888
2107
1301
3002
7082
4831
7406
6306
1840
904
4576
6420
7363
3901
6772
7131
4202
609
4658
2130
2344
6384
6748
1870
7088
1122
5078
7422
2244
5238
7456
1621
3890
6887
2665
1048
3852
7057
3433
2271
4413
5623
2723
817
1719
2482
4490
4218
677
55
1797
2137
902
6231
6325
5979
7482
3562
449
3362
6514
704
6466
3650
5408
1724
5093
3240
1579
5845
3204
6633
5843
3179
3656
4648
4482
1949
7099
1593
296
2148
63
6977
2003
2480
1220
7413
1223
2038
6758
1371
7035
1836
603
4050
5040
7268
3360
7150
974
4351
1191
7049
6854
3859
7452
3705
4529
4171
6954
6023
3271
4986
6524
1894
6017
7039
583
845
2640
5109
376
3848
6785
5508
2537
5998
5161
1974
3356
5899
3773
6650
1278
3386
2491
5156
1055
2519
4431
6476
2809
2390
6822
3025
5420
126
5259
162
2478
1580
6504
282
6907
5966
1486
7013
2660
4493
6733
6243
1994
1944
1792
7247
2092
1363
1630
6912
3450
353
2655
1057
5766
783
4860
3533
4031
2351
1087
1877
4808
5367
125
7480
5787
1073
6300
1423
1576
7402
6727
4199
6583
2638
4814
7113
1553
820
499
2790
515
949
4996
5786
5073
6791
2084
3447
1257
4091
2943
1680
5610
6902
4991
6358
3777
7312
6006
4161
4936
3190
536
849
6531
4511
222
5413
4916
776
6080
7421
1236
7429
7151
5804
4177
936
2636
1922
3576
1909
2657
1216
4947
5113
1207
3728
2895
1511
7210
5681
6273
5346
5761
935
6400
6924
3933
2078
5293
910
4824
4834
4024
1815
290
3151
839
3038
5127
3094
2477
5306
1359
3921
6670
5130
5473
453
3283
6985
2363
32
1339
6437
3185
2322
3584
801
5658
3850
4143
6011
1455
4006
3098
2767
1775
4783
6389
6275
4
2067
4331
6187
5419
669
283
6262
4571
6743
7256
3525
2267
3069
1252
6999
2299
735
5237
4271
3508
3621
866
2685
3496
883
5951
4718
6843
1563
3943
423
2904
6967
1694
2865
853
1747
276
1500
2400
838
2314
5489
6089
3428
5822
828
7164
4314
1472
6694
5383
7366
5918
967
1556
6402
814
4411
3489
5457
7369
2689
5948
3275
3164
3832
4440
6345
1785
3699
4543
5416
1011
3963
4144
2700
14
702
5345
3404
436
2268
3523
1612
1119
4809
5602
5884
2669
7433
1201
2706
4422
3512
331
1487
5423
3799
5387
5982
5295
1043
7071
7117
1765
3134
7400
2926
5035
1181
5488
4332
7023
4233
4835
5027
1412
2630
5123
5011
1525
4465
1030
6481
5256
764
208
2545
4402
5575
4009
5469
4040
217
4825
943
6802
6586
326
2293
915
3931
5733
2324
105
281
3739
1433
1912
1708
5537
591
154
2169
1717
4894
7346
7464
3814
1832
3260
5842
4377
4179
5122
5016
700
2542
2808
312
7414
2214
4342
6266
4849
6703
4817
2054
6229
1567
1034
6221
133
1395
3472
877
1090
1674
5522
1555
1094
291
6669
7477
6021
6897
651
3169
412
4473
7017
5978
6090
3092
6261
6324
2459
1684
4665
3761
1681
4826
6555
5250
3981
1320
62
2143
3745
294
2754
6615
2597
2203
2490
3395
3669
6138
2287
3527
3451
4601
6657
6015
2323
4912
3958
496
4014
5400
5288
554
2768
7437
305
6919
59
6159
1981
2890
6025
4201
2950
407
1822
832
3955
1329
327
6031
5954
5751
872
4757
4180
6367
2786
1498
3412
5726
7383
2691
6225
2065
7389
5894
6392
5013
4055
7083
1123
2530
1602
5429
4801
5201
3813
2705
4255
6416
6512
4294
1020
5381
4117
4189
5532
1336
3771
2476
543
2291
1803
6307
5981
1699
7101
4784
6005
4591
7432
1410
5464
7025
970
5922
2579
4256
6350
4080
4249
3530
2938
192
456
3569
2000
7137
4148
7204
2392
1126
3390
1050
5934
3941
4241
1059
7289
4064
5092
3785
2916
2527
2600
2948
1416
1362
4115
6740
4176
957
4026
6723
6909
1982
1850
1292
6610
1173
5115
5232
4662
2997
6398
1597
1863
2942
6865
5131
2841
3187
66
1065
1268
3664
4726
7246
825
2411
1491
2317
5949
7253
6701
1509
1958
6449
4030
4935
1443
2911
6024
7358
2388
1715
3946
1665
151
2635
547
4471
5017
6565
819
5668
2226
139
76
4156
4782
1280
2681
7381
3290
768
1600
1396
5730
1424
6505
6696
4219
340
4674
6150
5255
4863
5870
4668
7135
1021
7270
4084
3676
307
2282
6166
610
1816
6071
6087
1481
3292
6790
2445
6472
1647
5461
5502
1372
5984
1748
1276
5395
1940
2920
6503
6483
714
4766
6712
5388
1022
5943
6206
2610
22
1531
6778
4363
2160
3368
4708
1704
6102
2775
2454
3344
2380
5084
4712
2960
6361
6573
3102
6510
6106
6870
7244
6479
6069
3980
7240
2692
6257
5591
2524
1226
3024
645
5351
4815
3940
756
2709
303
588
1711
2642
761
6120
2803
2184
3573
4200
7006
4828
5364
6190
354
2057
3371
6434
7243
2696
481
2498
3137
6722
5660
7458
2138
3159
1009
4457
7251
6289
173
652
4088
5941
1390
647
2674
5735
2675
6749
1208
1733
5050
7409
5
4458
1469
1227
2726
6860
5176
3318
7107
5294
616
3301
6911
4620
1573
7453
2447
2878
7134
3991
257
4354
3136
26
6831
4497
5495
5045
4173
2499
6154
6738
5619
5319
2620
4205
3735
156
5166
5307
6836
1738
2595
7347
4550
1405
2574
4284
7448
4286
7258
5145
5218
5587
4615
6839
4058
7359
5520
1882
3
5946
5171
6698
2126
3474
4520
3732
7059
3284
4401
7189
1190
3394
3083
4854
7172
198
870
884
4102
7261
1936
3464
5783
1232
5022
2659
2030
3272
2060
630
5020
3995
1315
792
1814
7449
338
5705
3637
1282
3182
7040
2485
1457
3146
582
6226
3480
4585
6709
4400
6204
923
2412
1016
4901
2728
5173
4942
5858
3877
1551
563
5335
3524
3068
2992
1552
7168
5390
3737
3763
4608
5702
5358
1091
3029
2371
738
5362
3054
6807
6397
1186
5747
107
4223
117
171
5552
4226
155
4355
4993
1219
6742
7441
3949
2761
4172
6065
5428
4720
3188
5497
10
5244
5484
3291
3668
200
5065
529
6117
687
6502
4769
808
7003
751
1837
3215
483
7356
5100
3760
2158
2273
929
5613
6875
1859
3352
3049
887
7141
4744
5652
5452
4057
6957
4751
2522
5147
4495
6974
3293
6717
3165
6800
65
1536
840
1691
3397
3113
6210
1604
2831
7325
1917
4299
6584
6660
2853
4657
6365
5003
6195
3264
5903
2467
7119
6429
5172
1722
5386
5153
1806
2220
409
3610
1878
6086
5639
4839
5597
2071
5038
1975
6184
7166
199
1463
4469
570
5938
2844
7027
1263
2044
503
2199
5225
6569
1943
1784
2305
3178
593
5270
1378
2458
2082
1587
5859
6217
512
5703
1786
7115
5754
7423
177
4685
7021
5578
4827
5700
2212
1418
6284
6947
144
3726
683
2729
3040
5102
7201
2153
4048
575
3883
7265
3824
2791
725
95
4847
2807
2842
4736
7269
568
1066
990
2503
3255
6022
889
2974
2868
3740
2189
6198
2006
5710
397
1939
91
4310
5855
7475
2780
4997
3648
1271
6526
7212
2264
4553
511
2737
1865
5893
2614
1379
113
256
3263
6964
4275
944
5500
3492
85
3258
3713
6268
7339
1513
7388
2168
6968
2097
3050
1105
5824
4988
2978
4918
4306
1673
6413
5301
5742
371
2755
7132
5444
5901
4063
3856
4904
3289
5976
3297
6959
3862
5405
2982
1104
3377
7428
2250
36
4407
3817
2342
359
5266
5265
1862
666
841
7478
5630
7077
2372
4012
3028
911
5483
4926
3742
7073
6578
2846
641
6980
6337
1956
5723
6933
794
3886
5441
2331
3960
3174
5566
3402
277
1683
6443
5374
3641
6688
7216
644
1193
5056
40
3223
6662
495
3631
6478
708
1024
7034
5529
5773
2011
7213
71
4410
6467
2017
6914
5874
1167
3212
6721
5628
6240
1928
3342
1297
6828
6424
6455
3910
4557
3124
5465
1777
487
5010
578
3598
2742
3987
4773
818
6452
3779
3928
2549
5150
209
4011
1174
4433
5315
4778
5765
4749
4078
5226
239
3347
6468
1454
5280
301
6055
6349
5624
3841
4450
5539
4742
3741
6254
5515
1557
4600
363
3905
1875
1231
3060
2810
4952
1163
1077
5014
4390
4386
855
1175
3871
4532
3435
6283
1422
4895
1109
2973
6457
1204
7331
4802
5268
3711
3103
3693
289
5359
4029
6707
600
4791
4564
2171
5463
3241
4950
5233
5501
3252
4214
2888
5548
6563
2593
4424
3431
3700
4236
7009
341
3992
2523
2833
2484
1125
4297
5758
5557
5931
1188
6333
1925
5936
2175
100
5330
843
3914
6533
4430
4149
1364
490
4954
4536
6775
1605
3193
6916
2774
4100
3788
5261
4872
7271
7138
6885
2751
2854
2602
1907
5348
2917
1217
3446
753
5124
6322
4456
2339
5194
6734
548
400
319
4303
7122
5709
37
6168
3816
2697
5091
6098
24
3309
592
2401
5333
954
2987
3424
4796
673
7148
729
1083
6646
4869
3351
6808
4698
4211
2091
5137
1534
5064
2883
765
7345
6621
252
4946
3401
2745
4162
17
1023
890
5133
4106
6037
5391
416
2468
1867
470
1300
535
6539
3285
6682
1608
3075
5505
5823
6068
2069
3835
3698
3750
5523
2770
3892
2975
2448
2056
2764
4345
0
5044
6893
7129
317
5377
1619
585
3057
7173
3643
982
6370
6160
202
5788
4475
1692
5906
7055
682
2419
3758
5197
4086
4461
5795
3364
313
5129
2335
5331
560
161
379
394
5838
3855
386
7284
2719
4114
7462
6663
6149
1480
3216
5257
401
549
6905
7444
1294
3379
3331
7160
6177
3696
6419
7279
1592
3866
3042
7100
3961
3374
3408
3526
2104
4840
1661
5356
5052
706
6598
5098
5106
5853
5759
606
3516
2094
6992
5258
4921
6551
2986
5669
7472
3977
127
1737
4594
5438
2074
310
3442
899
6010
3321
5857
5041
5421
3830
3603
3834
703
3976
7457
5873
5396
5924
2475
1089
5536
5785
2163
920
7410
7102
357
712
2604
5891
5296
4439
5588
882
3780
4963
2269
1550
6619
7229
2197
4523
2219
4902
424
1590
2577
1325
1791
4688
2001
2409
5711
5068
4700
3572
2924
7182
5285
6422
2341
1151
7401
3015
5227
6719
924
6116
6752
462
6918
4140
399
2967
7124
1830
4538
5243
5930
6381
1634
1643
806
3936
1516
1662
3972
5919
2941
4735
2508
6641
3172
6702
2016
3305
5079
6448
7436
638
3237
1293
5286
3111
7070
1375
5242
1919
4716
2601
1058
5260
3138
3730
4770
3158
5080
4067
4587
4270
2292
5183
3908
451
5236
6930
7326
1651
6720
1578
1353
5072
4786
6732
4612
7286
5792
3407
2922
3163
6642
1594
21
3021
5378
3822
5987
3685
3720
3953
6248
87
2109
5672
3257
6837
6052
3913
4641
5757
2178
3695
502
2927
7001
4000
3278
7385
5756
5848
2100
4183
3239
1006
1528
1817
4349
1641
4723
6295
2710
5117
4316
54
5162
2823
662
2864
4897
736
6445
1809
6629
7314
1776
6614
1427
6640
1601
6211
2528
2793
6393
2328
2288
4568
2345
3534
3570
2699
3551
1599
6027
6477
6409
2607
4913
977
601
6105
3055
1115
5406
3473
2398
224
1164
1239
3437
2968
3767
44
4129
4616
1820
3349
5643
3214
6996
5039
7016
6196
1225
5126
7054
5567
6848
3567
3378
4582
5136
3593
6799
3319
7434
1794
2748
2646
7085
7298
2539
4934
6038
6603
1700
4319
4781
1100
1453
2834
3322
1158
1176
4851
6903
288
6681
3119
4521
361
4300
716
4940
2559
2647
3888
5371
3654
2350
1942
486
5560
1871
3932
3644
1864
5507
6795
7446
3840
1253
3308
4449
4472
90
4287
6342
7008
6643
526
6235
1679
505
6145
131
1061
4359
31
2724
5692
4639
2550
6035
5993
5752
3800
3973
2315
2472
623
5883
6274
6164
2036
1923
1385
3510
3249
1628
1084
2557
6536
2622
6690
4506
150
4793
2981
2889
2564
178
6232
3662
1758
3405
3153
1584
2343
2679
2959
3599
1267
6923
4089
6844
3692
6060
6577
4519
174
1606
5251
5415
1589
3061
2702
4709
6963
6258
102
6194
7355
352
480
2075
1417
6146
5551
6849
5555
2644
5142
2012
4624
6570
7075
1260
6239
7043
1214
7254
1429
1920
8
3100
5057
35
336
4896
1178
4980
1701
242
4489
6552
6216
220
6182
4613
5942
4933
4133
6442
1782
7112
6745
7029
3804
2894
2311
454
1559
1926
4569
5132
3361
4154
4604
937
1250
4257
6236
3893
3274
6083
3312
3655
577
2717
4069
2732
6076
3421
3000
2124
648
4832
2555
6299
311
5633
441
3207
7392
3044
1341
4308
5360
3133
886
3718
2319
1039
1145
5479
3217
4844
5865
2989
2303
1389
2634
4937
2125
