7479
2759
7342
1177
1624
5899
6789
646
1825
7150
5364
2386
3125
2493
362
4518
5662
4934
7031
3203
5851
3373
5279
1434
7024
945
5786
7465
4061
957
1042
7416
261
1510
3547
2848
6524
4638
1707
1674
1473
5796
7184
4354
4530
6331
2745
5095
5835
4191
1098
3147
1698
6645
7482
691
4795
1903
7228
5665
5194
3751
63
1543
2736
2222
4450
1970
5937
1364
416
4179
4776
3606
3897
6566
806
6307
5015
1185
6196
3442
3336
5699
6744
6330
684
5056
3818
1328
2803
6439
7056
118
6050
5839
2966
1807
2942
7135
1525
5700
5551
3643
6593
6668
44
6384
2938
7066
689
2944
598
3956
879
1741
1206
3827
16
7334
2104
6456
25
5476
1863
3308
770
677
1603
1212
3496
5108
6009
6846
4047
6818
1348
349
3372
1715
3995
352
5375
5542
4114
1384
4896
4589
3769
17
2433
7436
4626
5749
669
1574
1471
4555
5102
34
711
1972
5029
4508
6936
2622
7203
1271
736
6634
4113
4554
5929
548
7365
5171
6335
4617
5212
1645
1925
1763
167
5202
7293
1168
41
857
4750
4987
3193
1086
761
6126
2080
6363
1595
4123
3710
1193
3143
4395
3231
3465
2082
2715
1336
7430
718
1188
3546
3947
5137
526
5550
5179
4163
2318
4152
2235
5670
4324
6953
5641
6861
3613
3759
3057
153
1537
7204
1452
6269
4437
1295
4537
5453
2721
6888
852
3592
2858
1609
6585
6836
480
3912
3605
4742
4990
7399
1430
4241
2861
6775
5573
2982
6692
1938
750
7306
374
6279
7178
1606
7238
1107
5036
5381
1850
85
5229
6421
1372
5334
4770
3116
1568
5428
6381
6526
4476
1488
7036
6917
5936
2056
5011
5386
5529
1200
5367
4665
2719
5459
5668
2414
566
271
1944
426
4030
2397
1387
6493
2943
1442
5822
5355
577
52
1482
1591
2019
4258
4128
5425
4127
4778
5185
368
838
1357
4275
6410
4529
1654
6496
50
3629
1669
5109
6740
270
7400
445
3190
7299
3365
3325
698
6312
2649
5084
850
6705
7375
198
6660
517
1934
7196
4706
2978
5393
3114
5238
3671
933
1737
3836
2218
951
5976
4985
3735
2617
2580
48
1689
2429
1072
6548
6420
4634
3742
2917
6311
3132
5390
4667
214
121
272
4262
5092
2507
5510
1013
1723
457
4566
1410
5138
675
3752
6053
5105
940
3530
5702
5876
4863
2693
1388
7319
6471
310
807
6874
3072
3111
5953
7296
2899
6314
6399
3539
5282
7132
3750
4323
1539
3634
1453
3737
6419
5436
5294
4829
5819
2918
1869
5997
134
115
4528
2867
3425
2108
3713
949
3855
6962
4206
2603
3992
4710
4467
282
2277
5341
7216
4819
5895
6264
394
602
4581
4647
6765
1040
6183
3448
2574
1901
2891
639
6630
7106
3227
6642
4574
6895
1579
385
3908
4562
6316
6255
3005
7285
1436
3609
4138
3811
4176
5413
3754
7009
427
476
6543
6046
1713
2069
3069
1528
550
3577
4265
5962
5033
449
4002
4423
2767
7104
1795
6260
3167
4684
7442
6131
4833
5846
1986
2940
3117
3090
1642
5617
6592
6641
3859
588
4969
7072
6430
746
2447
6288
128
2300
4484
5678
3523
929
5557
6588
1059
1762
333
2547
1
5805
2049
3695
4918
3933
3985
2516
5314
7323
2127
5430
28
2109
3159
5536
6546
4861
6885
195
4233
6250
5682
2086
5890
1857
6519
4942
2098
2072
6777
4941
2094
2895
2806
490
6934
6659
110
3812
3058
1611
3322
2176
5812
6957
3356
5199
3480
2091
4183
7085
5834
2357
5600
942
5101
1408
666
6629
3134
2316
972
3210
1395
5518
4544
3016
5464
6051
6636
3718
6388
5814
2951
1879
1955
2021
4040
2483
5802
3646
2657
3966
679
5559
1766
4951
178
3981
6099
3437
1569
6024
441
1004
6236
2083
6004
4453
1087
5904
183
552
2477
6446
1419
7277
4101
2174
4782
1662
4744
1823
5503
2502
256
3942
3313
2402
2739
2214
298
783
7265
1333
3321
4646
561
360
1181
4174
1113
1833
5224
5731
4961
5253
3196
7486
2243
4094
415
820
916
4977
2111
5389
7476
3503
5713
4370
6966
7308
2839
3872
1247
4024
1123
3604
6586
6303
4559
6361
4229
2558
3921
6654
1773
2116
1088
5348
2540
3397
2266
3097
1613
6801
6998
4466
1801
5275
4430
3004
757
1629
4461
6839
6426
7410
3221
2216
6694
5474
5423
405
7274
2077
2050
6464
462
5200
4428
6928
4921
6959
2824
5333
38
5685
1131
604
1201
6272
4797
3949
3968
3516
3639
1650
4460
5807
1648
1675
3219
5553
2605
369
6551
6017
6788
1495
18
6671
6042
6290
6908
1758
2153
7084
2820
6242
7125
730
447
7242
2195
7286
7010
3026
4320
163
5831
4636
5415
5315
2087
6771
1260
4288
618
1731
4308
1694
524
6900
3746
3490
5371
986
1490
832
3831
4226
2033
2017
4598
6103
5440
6245
5235
6205
6045
5374
5183
1503
7455
1840
4696
6857
1225
5046
1733
6749
5727
4905
1812
798
1899
5961
6436
4524
3682
1641
1990
6735
800
4189
2626
3887
2521
3421
311
2278
5026
1633
1231
1379
775
7463
5873
1714
4203
2901
3207
1259
2312
2875
3816
5187
3783
3499
2107
4960
3409
4334
6305
7177
6899
1001
4137
6999
3898
5085
5143
968
6533
1849
2682
4963
1558
5897
3730
3100
6545
5062
2151
4104
2267
6996
202
1760
6924
5566
3939
4069
6180
2677
3288
4922
3967
3067
2896
6536
6407
5309
1089
3518
2802
149
2463
2732
2046
4596
4728
3719
5342
1056
5443
6089
5490
1398
6275
1861
4425
6133
2448
6370
965
748
1345
7032
5285
888
1199
1360
969
4512
702
4915
6738
4747
4659
4997
6347
1695
1329
6189
1995
5266
851
2933
2409
4767
1337
7233
2526
3919
3420
7340
4143
5968
3770
1346
7268
4459
4640
1114
2768
255
6166
1480
5924
4023
412
2834
2878
4342
3400
3184
1771
3415
4597
3156
634
5837
1252
5963
7168
6610
1304
7176
179
1834
4894
7428
1191
5081
528
4613
6854
3152
2611
2935
1900
1307
6577
3031
4831
2578
2675
7044
3585
1911
2751
5716
920
6802
563
1500
2790
3171
438
1253
3337
2147
6214
1820
2273
162
5220
587
3120
420
2465
5916
3460
5531
7439
958
3395
2634
3399
6160
3505
4357
808
3252
6531
3307
6184
7090
4586
2000
410
2189
1404
1352
5051
1339
1635
3232
6112
4502
3600
2103
668
3140
4955
3279
2157
288
2671
1985
5991
1043
4406
4674
705
2873
3632
3030
4082
2651
1222
5399
1677
3978
6607
5902
1074
4134
6684
6036
3839
4380
3723
3889
6930
4539
6325
5666
7376
7336
7096
1519
1449
4212
6921
5683
6066
4093
3952
10
1559
71
4282
788
4732
4247
603
1356
2155
1626
1627
3667
4434
7413
4371
3625
961
78
7079
6675
5024
4817
2554
1831
7290
866
7362
2455
4911
572
976
6076
2178
5987
5353
6601
1161
4041
5841
7026
7421
6105
5323
1017
5378
3793
6215
5979
2198
3538
755
4877
5488
734
3021
5827
5982
2130
6413
126
4339
1691
5331
6402
2254
1811
1872
962
5298
2890
1270
2296
5449
4197
3853
6392
4057
3610
3595
1722
1425
1843
1767
390
3772
7170
431
475
6326
2071
328
4465
6978
7022
5750
6482
2223
182
6683
762
5329
1756
1575
1821
56
2830
281
1437
150
1682
6198
1459
4520
3107
3980
7349
6706
1922
5057
6379
6349
4348
3390
3553
6750
2034
1553
7462
3712
1205
5945
3628
5907
2722
3302
982
3429
664
3055
2968
2868
3334
4260
2120
3636
4527
3491
6459
4076
344
5018
308
5925
2038
1024
4587
4007
2758
1759
4857
1054
4147
2212
1818
6020
853
1513
2532
2186
1893
3583
5191
4244
3145
7148
6475
6945
5650
6306
2551
5064
5182
6093
2688
1967
1680
3559
5523
7404
4401
6011
1752
347
2748
2013
5989
251
1971
6386
6022
5915
3899
7126
1547
4962
5886
7396
4542
869
6034
6809
3906
1362
918
2860
5983
3177
6798
2345
6758
4801
1332
6380
1594
4717
4130
1617
2363
4571
2306
1619
2331
2696
7330
1426
6171
3068
3250
4618
4393
6890
6152
3380
3478
5614
6843
2690
4056
4487
1494
6393
1102
2471
2789
2332
7279
2461
5403
102
3271
6440
6926
1458
5180
1221
582
3557
6868
1851
5487
5030
3176
1062
4291
4661
5416
805
2640
1100
2799
7064
433
6266
3506
3010
4810
5959
6847
27
5239
3747
5284
4834
3856
6987
3138
6942
3121
4162
4070
159
7317
1063
655
437
3008
3815
4018
247
1550
6443
4407
4431
2885
3749
1361
6163
699
4037
400
3832
2530
6059
6622
4091
6527
2929
5779
7246
7190
4653
2800
4872
265
7456
6151
61
1335
5717
1069
4117
372
5572
4686
6299
2190
5592
312
4704
6161
3251
2635
332
478
4903
2660
3835
6755
4480
107
4445
1263
7379
1273
4213
3300
824
4630
3778
7370
4222
7209
531
4912
1147
3412
2862
4733
2008
975
5252
5049
4146
659
207
1898
989
340
1286
5913
4253
4219
3616
6176
6748
928
5377
1027
6967
364
2427
6578
4703
4531
5726
4150
6627
772
3083
4243
3705
2227
5590
6726
6119
2365
5769
3257
1108
295
2772
4052
569
289
6052
1757
863
1803
2460
4440
6019
4664
901
4055
4946
6403
5980
1548
3371
1788
3458
3424
3626
7102
973
3999
3014
6517
4940
3396
3957
3724
5201
3944
5849
1755
3925
6901
2969
2100
4592
474
5208
2511
6199
1784
6815
3301
1797
2004
2392
2666
913
6273
7086
4165
4950
3627
5790
6579
1172
6470
6047
3568
1154
4888
3084
3096
3315
1973
6221
5568
591
75
735
6655
1856
1720
6647
338
1462
4740
7329
5644
1536
1822
5142
6156
2500
5900
868
411
3963
6368
3927
4332
6896
1846
5905
5153
6222
6956
7232
3225
726
2663
2561
7239
4616
3431
3896
1422
4651
5360
3131
5338
2374
1070
2742
3935
5649
5588
3034
6141
6231
1584
5537
2801
7345
4608
26
1947
6576
6155
1152
463
6404
291
5852
7149
3324
6833
1865
1025
3799
5044
6369
5230
3488
7422
1153
1279
822
3311
4194
3806
930
6385
283
3256
3368
4654
3988
2543
6678
5243
1380
6128
1790
5688
460
6611
1276
7095
5860
6781
2207
2556
5463
518
2171
6638
545
6492
172
3591
1228
4925
2464
6918
2653
1435
773
5901
4745
4246
2377
7468
3824
781
4736
1630
3233
1314
3064
1601
2879
743
5448
633
4014
3834
7432
4426
7198
4001
135
3445
6759
1665
1828
4454
3509
5150
5643
5969
2572
6346
2341
2238
6406
6878
2600
2672
4556
3622
2367
2970
1621
5624
6377
5052
2655
62
5132
2282
5063
809
2263
4680
2279
377
2575
7254
810
4981
5521
4239
6239
45
3265
7080
2784
567
1140
570
3795
5190
471
4553
578
6244
2786
5878
7156
5067
1450
4813
2994
7134
1289
2714
6782
5207
424
6457
4064
1906
7326
4345
620
2229
4523
4624
2501
1041
6892
4490
3979
1959
7414
4923
6943
423
5398
1520
6598
2831
339
1948
6211
796
3743
3524
4277
3109
221
1406
5885
6200
4772
4409
2934
2045
2311
6909
5362
858
4708
6862
1860
5075
6880
6241
181
5131
682
5871
5922
2856
1012
2472
6842
4711
3441
376
2135
6768
5703
7309
4731
5226
6096
6538
6572
3186
6072
488
4580
3185
7364
4156
2518
3135
3513
966
6955
5509
7034
7108
2731
129
4043
6783
5808
3091
6328
3544
5177
2854
4842
1146
418
6845
3572
6916
7207
635
361
3289
3101
4452
2459
5505
5719
1880
541
3565
4102
1308
4830
3024
3843
1644
4895
3247
6258
1772
5633
3964
533
6117
6101
4231
4297
6357
2410
5891
4497
6663
4221
5830
5892
1892
3080
600
589
3314
4688
2295
292
3706
7272
6914
3660
187
6724
5007
644
4718
5010
1282
6626
787
6964
2591
2872
6323
6821
6265
6375
5661
29
6649
2440
6829
1080
4451
823
5951
4099
7225
4435
246
223
6026
213
6937
6038
4825
5466
3801
4097
4187
801
297
1433
7386
6481
889
7438
1571
2123
7162
5520
2112
2926
987
3298
5160
1394
4845
6932
4648
2457
2142
2152
3862
7331
6920
6941
2172
815
2810
2262
3602
7324
4006
4548
306
4975
4377
3204
5735
3971
7231
903
6157
6003
3768
6986
322
486
3828
6529
3562
7480
3066
7195
6086
6894
645
3198
5579
1341
4775
4382
4412
764
1250
7201
3526
399
4358
797
630
6229
5492
3603
4095
2613
6213
6757
5043
3880
4889
245
2531
3789
2585
4267
4904
7427
5604
2841
3471
3581
5609
258
4217
2631
4839
171
3960
5145
5605
4360
983
4561
1248
5350
6338
2536
1312
6453
2876
154
3972
765
7337
4826
2252
6409
5247
319
2202
4920
5304
3195
3387
6688
3871
35
939
6091
6787
1745
3507
499
7397
6674
5072
4478
2194
230
5129
496
7458
2249
1882
4926
5460
4491
4228
2519
4864
6466
116
4579
5793
2652
1237
7141
1211
1541
4974
1325
240
6710
2775
5736
3192
1067
176
1407
459
3946
2549
6727
685
1184
7461
5376
5100
6179
7395
5528
5715
7219
1923
964
7270
3391
581
7350
4557
6983
2553
273
155
7271
1399
5707
4482
3223
6687
6158
5712
1942
5984
7040
371
1319
6797
4054
7158
2577
5345
5602
5826
7412
1581
19
3621
4172
4873
321
1047
2815
7321
3932
747
3647
4098
3406
3028
3344
6416
4498
86
5782
6447
2750
3707
1686
87
5763
2445
3443
2313
1467
1724
2902
560
2469
1896
404
458
4316
3865
4391
6699
5794
860
2927
6102
6952
7050
5330
5097
7227
1007
1365
5570
2700
7398
5928
6720
2947
397
592
1121
1030
5755
2633
359
1779
3892
6454
5379
4201
3936
2240
3487
3984
1476
6708
2624
2422
4621
7316
7123
4000
4119
3882
4615
4675
7187
1800
3351
3401
2290
6650
2378
4569
4543
6763
559
7145
7028
4489
234
7100
3689
522
6657
1015
6448
902
672
4294
1792
2880
1943
7027
642
5354
2822
1646
6534
4202
6348
4649
3881
1489
3858
3991
4577
7444
7164
6424
1396
1634
146
3703
5875
3664
953
7152
1542
6159
6360
6769
4232
6077
4644
2203
3903
1883
6514
3548
7137
6356
1258
5042
6574
7435
1159
1895
1587
1391
2133
2113
676
2793
990
5312
7023
4422
7075
326
3181
2788
5111
4235
2329
638
2615
5434
896
1209
1549
6116
6001
6841
6848
7081
3377
5274
4956
3476
1484
5586
1706
3923
4220
268
2870
932
6029
5970
3941
1968
7172
4860
654
5896
2566
94
5246
4337
4836
6321
2581
4840
4753
5773
4303
6805
1470
5172
1997
4019
5952
2328
4004
4968
2140
5002
7211
6014
1343
4935
3170
2334
4695
6405
3051
922
1478
610
4694
3914
6285
4691
3762
2339
2415
2911
1207
3657
4952
6372
391
4223
3163
4723
4898
2853
619
398
1133
345
4301
4088
7213
1927
4892
7325
1782
3886
6826
2983
2579
5986
3236
3649
7060
6528
6728
5210
4784
1987
6946
6064
5811
1930
1103
623
5706
4456
3394
7076
2330
3019
6078
5680
7297
5785
1400
1794
3158
1740
2725
1888
4965
4971
254
2164
4765
5089
6666
1690
6673
2992
1700
5041
350
5271
2705
6555
2712
7261
4563
3317
1504
7411
1264
7159
7357
3319
1886
5646
3875
5419
2095
1393
2236
6976
6062
2592
1600
383
3402
6580
4171
111
6108
7002
2907
2096
2491
7111
6812
5162
5914
1841
4549
2431
7418
3722
2145
2679
7381
4108
5686
6700
5743
2187
722
2070
3153
2520
1429
7445
3404
1002
4871
5022
3787
4148
5996
1216
3996
7354
1014
6397
4900
2497
7339
2177
4663
6262
843
3874
4029
1350
1512
3685
5933
1057
6922
5240
6450
3245
6652
1368
564
5391
7214
4353
6504
5832
6570
3383
5616
5648
2225
5634
5511
6035
6220
2886
7247
3802
4752
1401
6903
88
1523
199
905
1875
6487
4208
4186
4005
6343
4611
3533
7474
7346
6711
6396
1061
3270
3208
1909
7014
2564
733
5948
2728
882
1671
7230
2948
472
3033
4263
91
6324
1053
5935
5273
1180
1950
778
7295
7257
7222
6882
6891
3178
6552
5344
5582
1078
2647
1702
5475
4916
5170
5708
6398
6204
7144
1786
1940
4768
6462
42
4351
2393
1551
7352
4335
712
7275
5318
3413
22
2052
3500
5906
3715
3018
4973
5351
5872
4110
6915
616
7212
6925
4610
3564
751
5652
9
2479
4343
725
1145
343
1448
4540
4009
4582
1748
5765
3253
520
2977
2954
6883
1417
4329
7118
5673
719
4713
388
6544
1095
67
6353
5881
4928
5943
6296
2972
3439
2963
1778
1340
2481
6186
3567
5515
3312
1456
1945
4796
7153
1826
2795
4716
6840
6256
93
384
5078
6612
4242
1203
1709
1028
784
1824
5320
2825
700
864
2188
4449
4738
830
7007
7322
875
1521
7409
145
3771
1330
1006
5069
5479
6107
5245
6340
5407
131
1418
737
1941
7020
3864
346
2827
4929
1555
584
5165
1761
5795
6023
1036
7054
6374
4388
7256
998
6902
205
5942
915
5316
2281
4279
6477
3297
1288
2921
2492
1735
2528
7138
4392
2892
4811
5894
1073
1370
6100
6906
627
1318
5124
6226
5597
2738
818
2141
6170
1518
662
1320
4637
2247
7030
729
3612
7372
2958
898
4827
329
6542
487
2733
914
5157
4982
6743
7116
1019
2289
4011
3574
4248
3264
3937
6069
4671
5264
836
1220
1198
2286
1202
4142
2599
444
3269
2024
4356
5483
83
6741
6597
5435
803
37
264
5758
4677
5651
5209
4632
1210
2496
498
7161
3907
5535
5828
6344
1039
4505
1363
6224
2183
6773
7417
1366
3860
7355
249
3173
3023
5547
3694
782
7380
3261
3588
2404
4612
5663
1058
6097
206
3668
5112
3104
1424
5228
5768
5433
2122
5994
7114
5269
1980
745
4917
4403
2523
3819
4510
4746
4331
1926
169
7202
4178
923
4077
3901
3136
5691
6237
1964
5999
5803
3378
6608
4953
5302
2922
7019
6977
692
5059
5752
5591
5083
3727
3123
1291
1531
1673
1244
3375
2478
4349
3534
7151
636
5874
6850
1725
1334
6948
5486
4567
3040
4957
7218
7363
4312
7311
4700
4254
1497
3913
1293
5088
6975
3423
6278
7304
1076
4126
4328
7174
5079
6193
3065
6599
2438
4590
4302
2001
3645
2420
3082
5672
6828
2664
3229
6605
5286
3512
3863
5090
4993
4785
2364
7119
2042
2838
5838
7244
720
3029
5401
104
3000
4769
2694
5472
6120
4994
2139
6949
4535
3168
3296
5216
2089
1296
6644
2713
1561
2737
1081
5797
3940
2865
5507
4286
3286
7252
7294
7154
1781
1983
6698
4568
804
6784
802
3428
5546
6472
4687
4878
6465
224
2871
2904
1409
6140
7313
4305
554
7117
1873
2924
5445
3954
309
6291
2708
3139
6274
2569
5468
2741
6383
1992
4909
4396
3633
2395
7466
1116
6811
7220
1832
5946
6251
7431
316
5225
7215
7440
15
7200
3948
5950
2231
5930
1371
5280
6858
3358
5990
575
3166
7473
7051
4421
4062
5840
484
479
5552
6523
5287
2059
4218
6549
6432
5134
2906
3430
6947
3977
6867
7182
6319
2320
1122
1302
1461
464
6425
3868
5491
2586
2900
6944
4560
2119
7013
2590
2625
4112
2641
7452
5346
6963
6731
7166
1847
6696
7434
2490
1596
5303
5405
2711
6864
1240
1355
3243
6509
1144
2792
6150
3022
4424
6191
3282
1492
7429
465
7018
1502
4173
242
2449
892
2454
3838
3451
756
7193
3699
1858
2752
203
5798
5696
6770
1522
2351
7025
140
2217
4741
497
4417
840
6332
3479
5973
656
5361
5985
100
1125
4954
6618
6263
1961
4026
1933
6870
3846
3025
4413
6201
4514
2219
6438
3792
370
4600
6823
4081
1902
6991
643
4504
11
6729
1711
1514
1657
4028
3931
2061
6851
5574
3571
3481
4545
6537
5473
1716
4867
4949
2984
1567
4970
1585
54
7223
5218
5471
1867
3650
846
508
6336
6437
5603
4257
3922
1411
2380
3833
5745
7464
2014
6923
5197
3679
2612
1487
7115
6893
6778
551
5816
2777
1791
2230
3817
6261
6606
3826
3599
2068
4541
1625
774
2066
1405
6559
7199
680
3151
7101
4151
5626
4759
2182
3124
2228
1079
7338
1349
6476
845
2850
3515
5322
1705
4862
2272
285
4690
3211
7183
7077
6227
2515
4367
4483
2744
5300
1440
3071
5880
6898
6028
3280
2749
1586
7267
4442
4619
4190
1583
1011
3688
1580
2115
3821
4682
4599
5524
1446
4405
3701
6879
4762
1683
7485
5921
4200
422
2215
1347
290
2691
2073
5313
5684
5761
1667
1169
6267
5146
5653
1323
6568
1974
4236
4473
7181
793
7475
6827
4463
4177
4914
2821
714
3601
1663
1546
3784
640
5615
7292
239
6541
3911
5681
7489
1097
6173
7391
3408
534
4526
4576
549
5068
7377
5748
7003
1305
7310
6378
4966
5738
6057
6876
2847
6929
3511
4972
3108
2333
7129
3349
2925
938
6090
5569
2960
6522
2009
5608
2996
6616
2385
4410
5865
2991
2764
2654
4204
2060
5493
6037
191
952
6283
6056
1294
5575
1046
2181
5879
6371
1538
2274
3389
4361
7374
57
2866
2101
3728
7382
3748
1020
1854
216
7059
5411
6510
5784
5337
6320
4805
6225
2201
5311
33
6873
5462
3
7393
267
5501
1218
4149
4398
657
1845
2443
1287
1173
4614
5522
5242
2321
4025
6449
6293
3164
373
6712
6355
320
4045
2667
1881
6060
1978
4725
4420
3384
4021
3092
1639
4995
5257
1236
4603
2487
7249
4820
1251
1852
2946
2913
6631
1588
1975
6341
70
3194
574
6516
5047
5823
3482
5751
7065
1124
3477
3915
4387
3299
6518
6289
4100
7477
6390
5760
2606
1605
878
1924
407
1261
1090
5857
3475
6352
4338
1238
3578
2062
2589
23
5195
3796
6486
1187
2287
3459
1190
250
6253
7273
3560
160
4209
3148
355
1003
3238
4506
4875
4806
1578
1382
3558
4326
5477
323
2877
6651
5631
5017
6228
3128
1134
779
6859
5446
544
883
275
1460
5035
5882
1687
4662
4760
5825
170
3320
731
2939
3598
2685
2426
2937
6458
3043
2121
6149
514
1516
790
2645
3015
6643
3732
3216
3411
6556
3089
856
1830
6681
5222
3975
1993
1229
148
1045
1777
6884
6550
1048
5555
5720
2909
3228
7446
1233
4874
6558
3326
5387
4293
3435
1432
1928
6689
3206
1219
5781
4666
3076
2734
6136
4591
3078
5292
3450
6532
1292
2632
1918
1094
4657
5439
2636
5734
5777
4330
2852
7472
1524
2509
7206
6271
5107
3517
4809
3990
4111
509
3370
2644
2257
3149
1816
6562
3638
4336
1235
204
5421
3877
4933
910
6752
4290
7005
4823
794
6520
3825
595
2462
7039
5941
5221
117
4192
3973
1297
1835
6856
6223
5622
7006
2030
1664
1607
1099
1378
1937
1963
2016
138
2412
4812
5806
2280
2074
122
7419
2007
1267
3486
6247
4635
1128
1463
3851
2148
5127
5709
753
2269
1026
1439
3866
7314
6834
1599
4280
513
6772
2353
7109
7011
5317
434
5548
648
4375
3729
4216
1908
1051
2324
6139
3680
6484
3663
991
6206
530
2650
6866
1736
1806
571
209
4132
5126
6919
3672
3814
4485
2400
2403
2063
6628
3514
6703
3888
651
1171
1149
3696
450
4073
5770
5384
425
2338
1576
180
2570
4448
2442
1829
6194
5884
4344
5115
1783
4075
5307
1120
2894
2623
4107
98
2167
5066
568
4058
2998
4273
5804
3970
142
5628
4764
185
3661
3414
3039
4853
742
4780
4749
3364
2372
3510
2208
876
3777
6192
7441
911
6181
6665
5206
4521
5629
4791
7098
188
5409
6564
6065
1194
3044
3009
6849
3274
6793
4714
2791
6490
6734
6567
2452
6350
1719
342
3398
5909
752
759
5045
1744
4268
3354
2596
6950
1186
7300
6389
3330
865
5949
101
6342
266
2245
3575
988
4383
1799
4124
2987
6745
64
701
1021
5724
7258
2931
7305
7163
4766
3709
826
3878
713
3122
6498
3118
4758
5076
414
586
7359
7142
4739
2375
690
4719
5094
3262
1083
3738
6619
1223
2150
1862
409
3115
2945
13
4884
5408
5517
451
5054
2953
4359
3466
5249
2256
2915
5638
874
1033
7392
4546
2131
1798
1455
1326
3201
6248
2881
3736
3419
1427
535
4794
3333
5123
2723
4408
5500
6216
708
4427
5174
6308
5627
3239
6761
6819
5655
2335
5113
2717
7221
5103
1275
5431
7147
1215
1052
2383
81
4676
7046
6799
5268
5086
4033
2703
1226
363
4441
1946
367
4996
4901
2807
7061
6540
443
4869
1029
2079
2315
2206
4927
5562
6624
6933
4060
1447
6584
168
3693
1483
5098
429
43
2761
6958
3725
6488
2765
4628
3969
2607
6817
1517
811
3357
4065
1776
7433
1632
2259
7405
4656
3161
3997
2305
5889
503
5366
597
2468
687
1855
6147
6473
132
977
243
1921
3537
2494
4551
3764
6287
2512
6207
4284
4584
740
3648
6095
3240
6825
2529
3350
5335
6018
1208
4096
3563
3179
4457
2241
6709
3011
1704
6367
337
4697
3086
6
6690
6776
5394
2466
1913
2165
6820
5740
4698
3521
576
2914
299
4944
4964
5506
960
2179
2322
236
3726
6489
4816
3528
193
4870
6075
5508
979
1661
6581
4832
3656
2813
1699
7048
2041
6693
5848
5074
6376
1960
5856
2486
6418
3150
5847
2040
7045
14
5599
351
2812
7353
3493
1016
917
2168
2323
839
931
6672
5792
3502
5732
681
6869
1377
6048
4116
5497
6327
3230
6658
2288
5161
393
4824
1386
2757
3235
4214
842
6031
7068
1137
2027
6871
2692
1256
1789
3385
3093
5893
4167
356
6040
1670
4692
816
4479
4534
3677
1734
6792
6535
529
3522
6639
4078
1227
3386
5642
1939
4627
2439
867
4317
4978
6164
2828
1166
1929
158
2859
1996
76
3755
1907
5004
4122
3070
403
1032
4604
2548
336
3381
4240
6852
7450
277
5422
7343
5189
2576
2670
5659
2268
2154
825
3965
1214
2310
1441
3823
2776
5870
4376
613
2327
3535
3893
4369
5571
123
5613
3217
5135
1315
2762
5256
5526
3501
2961
4048
3861
7035
2639
468
1917
3427
3763
1389
1526
4645
1402
177
1423
6469
5541
4792
6530
6494
6135
381
6670
6746
2814
3883
2349
6121
2662
6358
7052
999
3938
5534
5363
3926
7185
3453
2809
1246
3483
7351
2648
6796
2480
771
1874
108
4444
615
6591
375
1876
2932
5013
4855
3418
1284
1746
5121
6441
4897
1037
2088
2595
1753
4670
2036
139
4266
7341
6365
3542
453
2423
608
3050
2022
3691
4689
7205
1050
827
2686
79
7047
1935
2253
4573
4583
1885
2610
1742
6092
3920
4668
2833
7284
7447
7320
5778
5912
5585
3267
2499
1465
4051
5176
3894
5800
5192
5611
5636
1718
4160
6753
1815
799
1105
4196
5028
5498
3917
7112
4175
5000
4939
6387
6701
562
1878
4672
974
6461
1530
5853
4639
6507
7348
6931
5173
4887
2840
2342
1712
1156
1310
210
5981
4643
6197
5746
4032
4891
2294
4536
263
3983
4034
540
3536
327
5780
6081
485
5214
6855
7175
2849
5267
3580
1353
4249
7000
1527
6474
6954
1532
2213
1499
3234
2343
7094
6177
2382
4705
5061
1303
303
4660
3797
2413
2614
3352
5096
1953
1618
190
6025
3133
3374
4292
706
1991
2976
5188
448
47
3959
1077
7390
3909
6451
1507
5543
4133
3276
473
5687
4131
3249
260
2366
1142
1414
754
6142
1805
5563
4166
1000
884
1038
3224
4936
5787
6185
3112
4658
2702
3745
3141
1764
49
5967
985
5065
7437
3175
1277
2435
6596
2065
5223
3440
1163
2620
4865
3113
3717
2504
4595
2237
3594
4641
2747
4161
2032
24
4272
2037
3708
2874
454
2369
2524
2425
3275
6913
2124
7043
2344
1678
194
5754
606
2355
3003
3928
7403
1915
2811
5038
1887
2618
4856
785
4462
6068
6751
4379
2621
2010
7415
4443
5447
6679
4182
2701
3215
6298
6569
4230
3304
2863
4631
5610
2503
2778
2450
614
5438
3498
4879
4734
5352
5607
4296
6865
5788
2949
6277
1573
7488
6756
7082
767
4679
3006
1150
4477
1637
728
3543
5679
1868
1838
6961
1431
4310
6106
401
6362
887
430
1729
1416
5106
921
7124
3323
6098
6366
2782
5606
5454
1666
4471
789
6002
4709
6094
6980
3467
3189
792
4155
4276
3584
3258
891
2317
4085
4494
6816
2029
3805
68
1311
6249
4852
5402
6680
1148
6979
0
1914
1342
2401
5944
5450
5442
5130
6981
971
6804
4455
1701
6602
5396
2389
2105
5772
538
6617
7361
7387
5485
626
5833
60
3392
2829
5186
565
1572
1814
1684
494
6434
2020
3607
3758
4003
2656
5676
5776
1610
5048
4059
2646
504
1317
201
4181
4558
4838
2844
2006
4103
6083
5437
2242
6232
3197
3341
1324
492
1338
144
6088
293
4947
5080
3998
738
466
5296
4907
1155
3885
3248
2683
40
1608
200
1195
1115
1775
2804
2209
1412
5370
2986
2361
4756
6664
6252
4488
3183
4120
4999
1817
1810
3652
5516
5392
7069
7113
506
2643
6113
4751
769
7283
4072
7282
4893
3670
7459
7171
105
2889
3586
5978
3916
238
7173
5250
3405
6725
4168
4607
5867
2160
3035
3036
4436
6810
4890
1111
2418
6021
3305
3982
6500
442
4693
1871
1443
365
4932
2159
4307
6994
2638
3146
6130
1132
3532
6480
5815
6912
5711
1750
1491
5283
6016
7194
4285
2990
848
358
885
2162
2388
5154
3757
5954
1444
2011
4067
2506
3623
3497
814
6027
2301
2285
7089
2379
6539
6411
2308
2232
341
1622
5155
3765
5020
5499
994
6872
5178
3847
186
870
7017
671
2054
3062
3519
4017
6495
5034
5380
4882
5783
593
2265
5358
4843
1839
4722
4390
1651
3137
7269
7407
6905
6887
2416
4012
5037
542
1962
3611
5420
7073
7406
6985
678
58
1721
5467
1196
495
7197
3842
6318
7423
5251
3573
3237
6061
4998
4525
6786
828
3504
6969
1679
6897
3651
436
3099
2559
4118
2309
1956
2659
248
5166
1385
6613
4281
2720
2704
2985
3056
2303
5775
943
1245
992
2642
5660
1138
6590
5140
2883
1728
3452
2680
6779
2684
5288
6554
4572
2669
4319
1464
1557
192
317
6313
2298
3590
5099
2550
7139
166
46
5400
408
1660
2923
491
2724
4141
6702
694
114
3739
5544
225
1119
3962
6044
3704
4804
607
7128
2930
4509
4633
4083
3293
7255
2114
5799
6808
5006
417
489
6886
3929
6875
3540
6691
1819
4948
1234
6656
4730
665
6502
5272
262
1982
4601
3310
886
4515
2373
4790
5457
440
3804
353
6276
3676
5762
5939
3277
7091
4496
2897
2292
6565
4318
189
4807
4859
6132
6395
6557
4384
5258
3669
2898
2698
4786
106
3683
2771
1696
4325
7301
5055
7402
2336
2796
1954
1477
546
3318
3061
6669
4854
2527
2673
2381
2035
624
2261
2244
3780
4835
688
4050
2166
470
5955
7487
6165
959
2163
4374
1165
3641
6889
926
2916
4743
1614
90
2346
7235
5227
5756
2204
5965
4159
1562
6015
1535
1904
4274
2489
6079
862
7092
1445
5580
4027
4378
1936
6853
6838
1636
3426
5810
2384
2084
3259
5658
7157
5771
4988
5565
4074
5005
1976
6646
3702
6080
6455
7478
5070
1638
237
2974
4474
3049
3366
5623
4269
5262
6594
6795
5204
5297
3644
8
6195
3199
3955
2773
6589
5495
334
4669
5263
5175
1685
3063
1022
143
2630
6837
2535
5988
99
1793
6989
3766
980
4184
5418
296
5319
5254
5203
5836
5817
3169
304
6114
4362
6553
3867
3455
895
2941
5995
7368
6813
1469
1034
3226
5397
667
5647
5008
4304
1739
3434
357
502
4049
899
4368
1005
4532
2707
5742
3074
4715
3462
6082
4683
6284
6513
925
6803
6138
7408
4140
1475
3157
3013
5863
3987
3943
631
1977
6175
4278
2588
6054
3733
6927
6300
7012
897
5564
6547
580
4438
2627
5596
3165
4793
2406
6525
4013
1726
6146
2488
3474
3376
3335
6219
2099
4295
3974
3283
3260
3870
3369
3779
7029
1556
3309
2297
5728
872
5184
3020
5019
4588
7224
6422
527
4629
4881
4207
4464
2783
3432
1813
6333
2093
1732
2003
3205
3048
5388
2284
4347
776
5327
2173
7289
5310
4967
3561
5558
2136
904
7179
4516
6109
1390
1905
3209
2340
4707
935
1859
3776
279
3700
4415
3659
6993
3436
4622
6123
5705
4020
525
1064
6940
80
455
5441
3994
1770
278
3284
970
5478
6007
300
3910
5903
12
6800
3654
3596
501
6733
4983
2508
763
6621
5277
1864
717
1496
6167
1354
2573
5432
6188
6990
612
4063
5244
3433
5293
1785
4980
3127
2779
3339
7189
3813
1481
5525
6830
165
84
1327
6623
909
2390
4158
477
6615
7449
6268
1241
6935
6058
880
3088
6329
6000
7469
5695
6217
2726
4931
6822
3007
4844
3041
3407
5417
2376
1383
5444
302
229
7191
4992
1560
1765
4799
269
3673
6417
4211
3576
4015
1249
2522
69
5340
515
2774
5410
5053
2451
6960
3246
5692
5594
758
5494
6005
6697
5637
7260
4245
130
2754
5356
5133
461
1827
3027
4394
1136
6860
7063
3687
2593
4087
1367
5888
7058
6904
2908
227
3635
1658
7042
6682
7038
6468
4798
2129
5844
21
5998
821
7453
5739
5764
3902
3993
5689
946
5147
2798
3340
7105
5737
2368
7234
1300
3711
5213
6766
3666
4470
1590
4702
1075
2362
3346
3393
553
539
6506
3087
6965
4883
469
439
5023
4144
834
6315
5071
4787
74
837
119
4503
5050
3360
2185
3328
5496
5025
7
4866
2158
3105
505
4090
2538
5581
766
419
1358
5167
380
3614
7217
2125
6030
2505
6785
6780
5001
6603
617
3900
6478
3541
6754
2191
3774
1008
3761
7356
6910
7167
7103
3788
1570
5693
6463
284
217
7383
7241
2718
890
6732
4511
5281
4513
31
5231
1498
5326
4910
812
4084
2903
4366
649
5931
658
2467
6970
5690
3273
2884
5073
7298
1127
5960
1049
7053
1143
366
817
313
4237
6676
4681
2137
2598
5576
2785
1602
3363
3829
7083
4803
5747
3213
2028
7071
7366
2275
257
4943
5766
3188
7110
4309
3845
5458
6973
5801
663
5424
3841
5321
6295
1151
6148
3342
4227
2755
6162
5694
5117
1285
6351
5332
4066
2498
2255
7251
314
5824
456
4486
4044
3285
3904
1730
6632
5595
2746
6499
2304
5082
3254
3555
5151
954
2143
5404
3820
6010
6212
3678
481
780
1331
2609
1727
5855
3714
2430
4340
2594
3469
3953
2260
6427
2197
5484
3060
3655
3362
4522
6240
1118
5829
4673
3272
4575
2781
2542
5465
4322
1472
5369
5039
1010
7248
7250
36
1170
6467
5278
511
1283
2541
835
4180
1836
2106
6573
7471
3879
1413
841
1620
6715
5821
1931
274
6280
3531
1397
2534
5305
5087
6560
5164
432
3075
6718
7087
2763
7264
5365
2864
3781
1628
1920
536
5295
5456
1501
537
2250
3266
175
3278
92
2910
1071
20
7262
3716
3642
4365
4814
2981
2138
5233
1592
934
6233
2196
2709
2629
4945
4250
161
715
2239
5774
1787
6382
5583
6134
6257
3073
4193
2912
4754
4042
4858
3449
1129
2446
7188
1552
4885
6334
4938
7448
3767
233
543
3890
2604
3338
3525
244
573
3485
1254
6122
6202
3162
39
2248
1932
5587
30
4429
4802
6063
124
2192
4135
2583
3891
1965
3495
1703
1167
1693
660
4605
3617
3620
4086
1176
7008
1769
6479
6203
6124
1989
4908
1301
325
5406
3608
1604
4404
819
4372
3484
2441
6595
7460
2299
5621
937
5887
2251
3331
6695
66
6190
1322
7004
5
4038
5883
2560
5114
5426
2026
219
1544
6582
1106
2326
4712
6254
2169
3172
2076
5347
5139
4373
1230
1474
5938
3403
5156
5549
1213
3212
6653
2495
2102
4642
2658
6951
136
6309
2510
4783
1272
1979
912
5120
5527
5741
5429
3316
2565
2126
3786
4984
741
2842
7358
4252
7470
6345
5868
2965
7057
112
3417
2753
1515
2391
1565
710
5255
3457
2616
452
6831
1981
2766
621
65
5639
2919
4080
3306
596
5757
6230
5578
2780
7328
5480
6563
2348
1866
7451
6055
2064
947
4876
7186
6633
2075
212
5159
2562
4701
3359
4419
1066
1139
6281
6764
5974
6911
3640
7015
3045
3844
1164
3446
5923
4154
4727
7136
4106
3353
5104
1096
2354
7454
7099
2394
4210
4937
3698
6881
5469
4397
3869
4623
137
3808
3094
6071
5843
3268
1217
2170
2055
628
6790
5193
6791
3002
5718
2964
2144
6292
7280
3367
813
3012
1255
152
2444
6968
2199
507
173
3444
6505
4198
1952
6938
516
6187
791
2473
2293
5009
6412
2619
4800
7131
1321
2513
6172
924
2681
7425
5116
6297
7369
7332
6039
4439
4507
3986
555
5722
3852
3697
6074
5060
5964
2405
944
1877
97
5940
1808
7192
3103
3142
5593
1506
3782
1612
3775
2018
3079
609
1842
7107
7315
2128
6301
2428
5122
3494
5372
683
4699
2740
1060
4306
7140
3489
4500
1257
3529
6716
5671
3295
127
1091
637
5601
4594
7388
3549
3624
287
5481
7327
6431
4039
6282
2205
386
3470
7420
4886
5918
4779
5721
4261
1369
2325
4458
3848
5368
3849
6614
6354
963
6364
6637
4188
981
3348
2057
7121
6073
2221
6503
1659
1299
956
3631
2729
208
6561
661
1738
1392
5704
1508
157
3658
2608
4848
723
6125
6835
1109
4157
5645
4475
2571
2689
6604
7133
6704
6041
3884
670
5730
5301
4906
4620
2276
2846
3492
5725
4068
3951
2882
103
1582
5198
2787
849
1589
1554
6444
3684
2132
1958
4602
109
4585
5532
6373
4298
5217
1468
2582
1640
2845
3473
7037
5181
4234
3388
1486
3950
4092
5567
5265
1655
3556
1643
2836
4552
5359
6013
1999
5513
1751
5343
1454
218
4314
2678
1110
6428
156
6153
2975
873
7229
6445
5625
7389
1232
4363
3382
3630
5382
5809
6485
2264
5958
4432
1564
6168
6571
3569
6806
6736
3720
5299
3447
3854
4501
3918
2687
739
174
3244
6742
3292
674
2417
5128
3126
6144
7097
1242
6178
6600
6939
6620
4169
483
1204
4565
1912
6154
4341
232
3379
7302
4283
96
6722
3102
1023
3675
53
6452
1566
1162
2396
6511
4821
6400
936
653
2727
2211
215
2350
2957
315
6012
2980
521
2352
2533
7373
5584
594
5667
7169
1175
6995
583
4841
5110
4492
7033
5861
1055
1984
1668
1274
1919
6391
4847
4215
2993
519
51
5850
2587
5215
4289
2220
7371
7484
650
512
3653
6723
4199
113
7483
2697
4959
1631
4850
2302
1243
3047
4849
3281
4355
196
6294
978
7385
5412
2843
697
1420
2434
446
4195
1708
4570
2337
6877
2025
4205
3840
6984
2224
2584
5328
5675
4755
4777
3566
1545
1743
1084
4979
6043
2557
4386
2370
6110
611
6814
6304
2971
6033
7333
7016
2545
6104
222
2743
6640
2023
590
2436
707
6907
1540
632
5125
4818
120
3464
3873
3130
2246
1183
500
395
3589
6774
197
5869
3731
2453
4789
5219
5383
547
95
141
2817
1278
2411
6032
1509
220
5612
1306
6209
2307
5710
5957
6739
703
3753
4389
1649
6111
3934
2475
5357
5956
6118
3463
3744
2567
2826
2710
6832
3803
5858
5947
7303
241
4547
4418
1597
3187
1035
2048
4399
2602
3790
276
1197
7143
5813
4446
579
6844
2484
6501
3665
4781
324
2090
1768
2044
5877
6982
1182
3095
6286
421
2832
5927
4109
7394
4411
5842
861
1676
6760
6587
1104
4678
3001
2043
3042
2735
2432
2952
2979
4748
6243
4846
6433
4139
6515
1316
6310
6677
3174
184
73
7127
5504
5141
1281
6497
4737
5234
4016
2855
4071
5324
7055
3905
6169
941
5898
3545
2053
1837
1780
7236
2437
5589
1189
5373
5519
2482
1957
1344
5530
7307
7130
5854
2805
2476
4381
727
557
2407
1009
955
4313
6218
1598
5291
4564
4519
3794
5908
5270
5919
7210
4868
5308
5259
5232
4264
226
1479
5632
6583
4828
2835
777
1774
3930
4880
7165
854
1438
6337
5598
7367
6339
5148
3550
2234
4022
1031
7443
402
4010
7288
2387
