2144
6479
5602
1964
430
6221
4330
490
5327
2955
976
7075
5964
3927
1944
1994
4732
5810
3644
4632
4951
3987
4712
3302
2850
4198
2559
1909
763
3395
3889
932
6750
1929
1825
2754
1178
2179
4258
1759
1155
1643
7230
3461
4868
3139
2742
147
2457
927
3208
3588
4376
2178
4095
7199
375
4909
4392
6929
2761
1093
3958
921
1809
7000
6510
479
5439
39
6563
2885
703
4393
472
1648
7006
3206
4440
210
188
6391
4913
3185
3575
1990
3611
7247
2096
788
5254
5764
3143
4115
3304
2420
2519
2320
3457
3174
5042
6214
4653
1650
4107
5143
1639
4221
6354
258
3230
7018
3980
3368
303
6536
2189
6960
2239
5054
1727
904
6938
6924
4111
2606
2744
1023
6702
2780
5534
5233
155
6347
5363
1598
7103
6686
6031
394
7327
1856
3932
5012
725
5959
6184
1472
5029
7477
3322
3700
2572
6534
5220
781
1410
708
1348
3935
4382
7045
579
3152
6134
6789
5279
693
3345
5031
5071
3690
7168
2176
3774
4776
7298
2082
3942
4883
1079
1685
414
3516
6325
7219
6239
2960
7200
1008
281
6245
7155
5463
1819
6261
5596
3923
3685
402
1127
931
1368
3608
2831
4173
4743
6192
2111
6063
5065
4487
2141
2400
5322
1675
481
4098
2679
6124
2128
2361
2525
5431
642
7173
468
7383
5450
5540
4151
3764
4741
986
6771
784
5614
3581
3099
6616
994
6513
4325
1223
3040
3183
6217
6533
6880
4186
111
5090
2982
5632
5272
6137
1130
5410
3643
6568
503
6535
2154
3101
3388
3538
1741
7283
5468
3618
2538
865
4304
2124
4246
7392
2388
2708
1041
671
2788
2700
3088
6464
2492
2917
2705
2453
6812
3494
2552
1896
4939
1928
7446
3866
7293
1249
727
6372
1018
3486
4999
6458
2478
2494
1278
6902
1304
5367
4587
2383
7149
5737
6512
6373
4272
33
4552
877
4415
6177
7166
7245
3896
3625
2769
5533
2940
4333
1183
5798
3855
1326
6323
1398
4455
2242
2037
5667
2642
1186
1006
469
6018
2544
991
7205
5678
5849
7464
3622
56
5607
6599
4069
1814
7481
5806
6910
7479
3456
2248
323
5319
6768
5954
3023
5734
6054
2573
3199
1657
6413
5146
6125
7439
6585
2592
5846
5689
5190
6285
144
7423
993
2967
2758
1734
2409
655
3978
3687
537
4664
3149
5048
7462
3829
6851
2282
5970
2522
4814
1795
1449
6994
3606
6401
6620
7416
429
1363
1051
4377
1381
613
5795
98
5537
5077
902
2025
5962
2278
6878
3202
7152
6042
1546
3238
4932
1905
6953
113
593
4575
6575
4866
6283
3082
447
744
6497
2996
4618
6141
6301
7049
1027
2250
7388
3222
1288
3874
2640
6234
4031
133
6545
5307
6491
1790
3865
5520
7296
2643
1842
2895
4536
4379
4830
5447
3592
4159
4756
6553
6006
7177
6431
4998
7299
2273
6841
1835
1803
521
3014
1784
4707
796
5283
1055
124
5207
5420
6957
4364
6627
7221
6037
801
5249
3171
509
4691
41
6145
4797
77
4126
7014
5934
4782
5909
1690
4207
1703
5011
3591
872
819
5738
5204
3892
729
4027
2689
6736
4190
4321
6709
5326
5618
1603
2256
5145
1658
2358
4104
247
1453
5986
4012
1012
5133
1757
4231
3852
7191
7074
6595
647
3136
2356
7204
2604
4972
3541
3355
5622
3094
6684
6666
1611
4882
807
5477
236
5661
536
3546
5922
504
4277
672
6787
6243
2560
5901
5568
2099
7137
6476
4928
3311
345
386
1043
2059
341
3921
5382
7466
4114
6824
7059
1270
5330
486
1755
990
1940
6921
1428
3326
28
6295
2752
4437
3000
7044
2832
5056
2145
7445
2763
4397
5845
5492
1631
3960
3166
3822
3599
5893
2931
7289
749
2187
2349
7064
5848
3615
4042
557
2225
6622
2331
2812
5422
3236
3203
397
674
1626
3374
2532
795
3770
4041
2933
1630
2563
867
6558
1948
1324
556
3343
2413
4108
7202
1406
2412
4578
2367
4706
1476
1753
5915
6020
6116
4358
4897
1411
3135
4785
2496
3733
2445
1552
372
7449
2399
540
7050
3680
6830
4527
3469
2789
4822
2865
4573
2013
1273
3634
3793
5641
5001
662
6058
3269
2907
6708
3946
2503
7318
2658
7313
4724
370
286
5874
6052
4213
1612
233
3250
7165
6311
459
6573
2211
2883
2333
1594
2938
6949
6270
6793
2556
6915
1687
5028
1673
6014
6978
2081
1936
346
5921
6379
2260
5637
6423
818
5510
5832
2911
38
1160
3266
2415
7385
5631
6837
6079
2847
4431
3666
5476
7032
5058
6389
2229
5199
7213
6230
4406
4870
2759
3806
2462
1294
2943
349
5
4357
4871
4315
1360
4649
1841
5099
2746
2263
3284
7455
3140
2423
7172
4950
262
5335
4956
1499
6698
4593
4959
1209
4099
5720
1463
1464
2597
6174
5786
2151
1764
6844
5498
1562
508
3939
2986
44
2366
2005
6392
1503
3785
5953
1877
2049
718
6232
4596
7066
1469
1489
2483
175
2376
2051
3909
1193
6806
3278
1667
2089
548
3833
2670
2978
1418
4701
3427
3440
445
5421
6805
3517
350
753
2644
7292
2622
7403
72
5139
3823
2958
4367
4661
5312
2467
5837
1674
6706
3086
142
7398
1689
4074
6218
385
4056
6091
7457
2887
5684
5927
6540
4805
7144
1969
6934
5662
1715
1300
660
6623
6089
195
4623
6449
1525
330
6275
201
981
5942
4786
1366
1750
887
6775
241
6195
1474
288
3275
1293
3639
7306
6420
4493
251
848
4508
7387
3677
3705
1953
1748
4110
1610
3727
1075
6465
1916
837
6361
6862
580
2475
6178
4753
5115
4844
4796
2442
3681
1850
805
2449
5454
7374
3587
5999
3940
1891
40
5759
1236
4720
3193
3834
6038
2598
3013
6215
6782
1558
4156
5005
6210
5910
1185
5782
1486
3571
192
5723
3708
4923
6823
7427
5895
3070
2975
4299
5209
1063
4903
474
4591
5128
3417
6493
3030
3392
5331
5055
2307
5860
5051
6505
6064
1005
3451
6200
2697
5512
3474
6751
606
1097
4132
5490
1409
4301
1187
2162
3429
2254
5208
4919
4316
682
3992
4438
4339
5939
563
7224
4458
851
5402
1628
3426
6697
4055
3315
3758
2719
187
938
4102
1325
5339
3308
5864
3173
4892
4003
1824
2855
6908
5595
199
2879
1960
3098
7102
1432
3039
4608
68
543
7119
3005
152
1589
6191
6092
1834
2219
4845
6330
1259
4827
3458
3051
1500
2695
3990
4849
3001
926
4
5484
1163
1443
1264
85
3747
4963
2252
6371
825
1227
7210
3243
2624
6987
1614
2950
4710
4094
4268
3251
5989
4085
1722
746
5765
4033
2217
6135
3548
165
1997
1968
6828
3301
2794
3504
6041
3112
1156
6813
511
601
3803
5513
1691
632
4059
5125
7487
5465
203
1086
2018
3888
799
2021
1711
3539
5549
1521
416
14
4581
832
7401
4729
7362
6831
1845
2620
6053
5124
532
3364
27
6516
4124
4165
186
2913
5452
5024
3605
2554
6068
55
1478
4659
6220
6453
3100
6725
6673
7068
1498
3509
250
6843
3691
1354
1509
5805
291
4335
7232
1740
6307
3895
609
1785
5211
1014
3059
4666
5316
99
4217
2676
3692
3262
5169
7382
1220
1720
2678
1986
5404
2447
4985
290
2394
5152
2535
2951
4846
1520
1465
1781
2834
3018
6574
1672
6123
2837
295
5888
3841
4478
712
4276
2393
6131
4293
2657
679
6721
6405
7072
2778
1783
3997
5767
7008
5027
1599
7482
338
292
5156
4676
3416
5462
1726
3016
4601
4586
180
2540
7294
5945
937
7370
591
475
2034
6891
512
5831
4483
2909
7180
814
2529
652
5015
4780
7070
6561
651
1296
7228
6424
1862
6446
3650
164
6866
4287
7303
5865
6519
1637
670
3408
2639
5958
5250
6327
4551
855
2220
3340
5107
1262
6685
2817
4017
5925
731
6242
2578
6703
5180
922
1572
6237
559
3407
4694
3835
5162
3024
3901
2997
5346
67
6597
2704
2625
2473
5052
7118
4103
31
3506
1696
6289
7475
1857
4647
4847
2623
1015
694
1357
4273
63
6707
6248
1669
2757
3002
6905
1622
7037
1235
7174
3312
7017
1523
2373
2091
1083
5985
2819
4526
2196
1902
3653
1268
4737
843
2827
3502
1029
917
2733
589
59
1771
369
380
7110
4045
7256
3783
1385
5807
7123
7101
1942
5228
1709
4128
1973
1277
1246
3637
5142
4368
1738
2192
7431
7126
6198
2549
4523
5018
6439
3022
243
635
4058
3260
6906
3387
5185
5740
5242
1699
3707
2147
4021
1272
100
3976
3894
6888
373
382
518
3356
603
4172
7196
5647
3384
5649
2055
4628
1993
4184
879
1301
2183
415
6855
962
1959
1725
6319
4249
2139
6795
4035
7367
4721
3003
3719
1177
6271
4030
6164
5730
363
1623
4005
4877
1801
4970
5192
5638
6284
3453
6691
4399
6590
3327
1911
6296
5379
2159
6956
5758
3124
3435
1981
6735
6846
3876
413
3187
6854
515
1641
2566
126
6277
5085
1427
2770
37
3741
2990
1979
4881
5883
3443
3868
5504
466
6853
2949
1311
3536
5731
3153
2528
3390
4396
824
4626
2105
2112
6095
5453
2172
2455
1241
2275
4602
6155
6077
4784
7121
831
4117
1955
4008
2188
5822
4699
6529
4840
4100
566
6958
834
7324
2031
4547
2944
925
5473
3444
3948
1893
3603
348
802
1904
138
4663
3527
6331
1429
6552
1701
6868
6350
1950
1040
6992
4476
5698
1261
6477
4063
4448
407
1350
4938
6745
6678
5787
707
3526
4657
3953
7275
7339
1218
911
4530
3715
6557
5567
553
6646
3572
2280
2056
3926
4454
5045
5381
7422
5585
4010
1228
6209
638
4131
2835
6850
7428
3919
1802
2577
4000
1098
2389
6486
184
6944
6368
5380
2609
1387
5941
6353
719
3673
4810
322
5069
2337
1967
5653
5892
4562
460
2666
5957
2846
238
7307
2489
1110
289
2877
7317
2165
3557
6016
4204
3279
6639
3843
1133
7295
5561
297
6167
5829
5710
3069
4234
6108
5285
3179
131
7212
1057
7285
896
3329
412
4910
6133
4016
1452
4510
6580
5951
463
5987
355
4441
5529
1930
7092
1189
2779
6442
1299
2379
6507
2336
2605
7031
3630
73
4908
4670
4683
3664
6358
3595
3077
4997
1538
2995
58
908
91
569
6836
6150
5772
6894
2992
3377
2720
3087
888
6457
741
6488
4280
1880
129
1991
1394
6621
1956
3553
6029
4949
5694
2126
4690
1975
1153
5172
4233
7463
3636
561
633
2052
5067
5700
3900
885
4502
570
696
2352
5518
2127
4521
1495
2335
465
4245
2419
5610
2493
4026
946
6359
6428
5785
6876
1761
1118
2476
3280
2826
3696
4461
2669
585
400
5150
3739
5788
4682
4189
6948
7354
5262
770
838
7218
300
572
5148
2558
3067
6459
6201
1282
4594
3058
1143
3246
5443
2674
1922
3938
6565
2717
1992
1733
78
2344
2948
6148
1169
6679
3240
4855
6484
2302
1536
7461
2869
5019
5467
6863
3620
1745
4433
6007
80
4603
943
4286
6101
1508
426
6126
4155
6983
3549
6109
4622
5956
6033
1061
7409
2892
6651
6581
3869
3470
5020
1248
2343
2110
4888
7406
5273
1376
2291
6722
1389
7238
3352
2125
5098
485
6468
6199
803
1114
5341
1367
1721
7393
5126
4964
433
5391
3325
3642
1514
3064
6821
1306
3578
5742
5122
3962
1382
3344
6012
4633
1676
3047
1779
4086
2118
6362
933
4824
3885
271
3773
500
7485
3220
7209
2675
666
4952
2501
777
1704
5739
1039
2815
1996
2868
347
6524
5496
5728
403
5127
4282
7058
4702
4698
4595
956
7373
4420
1016
7376
4313
4869
151
6503
1640
912
6066
6103
1496
6743
3104
690
4179
3223
1074
4250
3436
1438
4808
1502
4105
3375
979
7010
2548
7179
5522
6767
2215
5030
6188
1868
7105
1342
6940
7079
1976
692
1871
4241
6249
5253
4211
285
491
4089
4226
2801
3484
2304
334
4904
5965
4519
6945
4680
3974
3382
1831
4019
4274
1958
6969
7026
6305
6865
7323
4625
3146
841
1504
6454
5521
4222
5068
211
6176
5084
358
7391
6711
1833
5428
4995
6543
4053
3782
3045
726
3291
6663
7020
1506
3718
4533
6742
388
5424
321
914
5690
3332
4253
2899
4604
2814
6758
6225
4294
4543
6121
882
4566
5261
7467
2422
7002
3354
5777
6872
310
442
3702
1120
95
253
6941
7447
4668
5108
3154
5830
2175
1302
6569
6738
1244
2653
5997
437
6140
1924
306
2444
130
5861
1957
5472
4652
6604
242
5882
5952
6265
1966
6321
7067
3117
2360
3632
4556
2011
3465
25
2568
5259
1522
1881
5083
1049
6712
6984
4481
1212
4289
1433
5682
4754
4230
5364
5862
5151
7254
4996
3722
804
1972
5539
3061
1362
4170
331
4947
5434
4788
6965
845
1206
4057
1692
6522
399
3141
4580
637
1530
3780
1895
2017
688
3633
5674
392
5281
2707
4549
1135
6057
2156
5289
49
6266
3057
2656
5569
4388
2721
6312
7365
279
6377
4799
1150
2136
6714
2539
6418
3556
7279
6514
4262
6792
2243
967
2555
5183
3263
6075
2060
5334
5793
7314
6659
5597
2587
1254
3247
6797
2903
1096
1900
4546
6917
5387
6441
1137
4120
2350
3397
3092
7458
1743
2226
5904
5933
2935
6276
7194
1188
2296
7399
4658
5123
7345
2706
2768
3442
6761
5816
1800
7413
7022
6343
7207
162
3168
6919
5982
4071
4212
3867
7346
6567
5946
874
7122
3706
6419
1840
5226
1712
5149
4360
6180
1365
6280
6840
4029
3035
6688
4162
1943
3954
276
4772
5296
4651
5348
4371
2586
3200
3580
5251
7368
6643
6683
7255
4620
5306
7028
6027
3097
5924
3699
6525
5847
5174
3106
849
7116
2920
1670
1488
5555
6827
6383
5088
634
1157
1391
3160
6587
5919
5701
5880
3584
5683
6810
596
5943
2957
1794
2070
6762
6235
5755
6842
2545
5812
6352
4177
1260
2436
4145
794
2135
2200
6206
4619
3323
3559
4052
5350
3515
6615
1224
1222
5625
2631
5855
4905
7056
6603
2246
686
255
1564
6203
4484
2090
3532
3373
6328
3619
3365
6349
884
4080
1335
5620
3934
5509
7377
34
336
5104
4002
3543
3873
4766
765
2756
7316
6559
3883
90
4158
7341
955
3433
2283
3391
4715
4605
1113
4934
6055
2437
1126
3303
3089
2619
2398
935
778
4391
5506
6896
6809
5082
2498
3752
1571
207
1297
5528
3468
6044
3496
4260
751
1341
6236
2628
2357
7211
2166
677
5773
4579
3017
4259
2502
6892
1934
4574
4153
5269
4288
3255
4624
1284
3732
1927
683
791
2403
1826
7198
4066
3936
678
4324
2910
1231
4763
6067
1894
5608
5160
352
5444
2703
5905
7357
1215
928
3713
5092
5858
7029
2668
1935
6726
4789
7363
1617
5756
2965
1812
5691
3125
2279
6
196
3116
4887
2617
7408
4648
3586
3489
7451
2395
2662
1574
6025
206
3450
230
3207
1078
2174
5550
1332
3299
675
2725
422
1069
3258
7063
816
6858
5397
4197
7400
5704
6483
5395
1656
2265
1379
1988
374
6509
5726
3679
3248
5460
6638
6849
2000
5677
4199
6222
2860
1607
3913
1303
581
5057
659
66
4307
4907
2014
1938
1046
6555
2495
3256
3519
910
5106
1066
3640
4735
1090
4899
5797
5878
6982
2106
7404
620
4700
2414
673
5014
894
7415
5887
1717
3525
5095
7378
5825
6904
2158
5333
4044
7234
2976
6272
3859
6718
2510
4969
449
2859
4025
767
3224
2094
5314
1638
3233
6009
7380
1208
174
4164
974
1808
6136
501
4256
7359
1369
7319
4130
5218
1917
5811
6819
3287
396
4236
5354
2292
2338
7088
2319
4558
319
3289
6085
820
6796
190
5304
6515
3965
453
7337
6733
5300
4215
3799
1265
5187
1787
3697
451
3668
5086
173
5820
1678
3463
3188
3404
1518
4157
4013
4457
4302
6632
3272
4390
3568
3840
2783
2101
3984
2326
6051
2311
2845
7389
6351
6429
301
6954
6288
2233
5189
4865
4180
1580
6314
7042
5234
5286
4528
1587
7115
2829
3813
5277
7356
2939
393
5973
2737
6430
3482
6024
6951
6264
2258
2915
3151
980
1052
5752
2284
3145
7129
3123
2616
7302
3985
6254
5966
1540
6681
4534
4656
813
1561
4936
492
5645
7024
2303
702
1590
3122
1413
4456
1918
5093
2786
5594
6187
1123
2683
4906
94
5116
3975
6931
2711
5210
4723
1707
2807
6043
4915
4610
6955
3347
1162
4136
4520
787
6487
6211
4113
3906
2470
1234
4279
5078
5823
3134
4398
6345
3711
6753
1415
4048
2748
4023
5968
5103
3565
7171
2431
3966
6928
5131
1132
1447
5834
3845
1533
913
4403
4920
3475
5668
212
2237
3529
6802
2008
1199
514
2914
105
458
2365
3175
5571
6728
3414
7094
4387
1221
4480
4152
2401
4435
5978
7046
2322
538
2450
4429
4148
7154
1799
4422
3860
5813
6338
903
5654
2565
4123
2988
1511
4726
7047
3847
6102
3321
6304
0
5451
325
5347
2567
3360
3651
157
6410
1192
4134
4342
7267
5336
4417
2651
4554
2864
2405
5288
493
2813
3487
2433
2818
866
1455
2687
6914
4739
6298
6111
4731
3189
6185
7434
6461
6859
4555
5527
3797
6845
4767
1269
4800
6099
7128
3907
5624
6779
4820
3522
4291
6583
1813
6815
3614
1456
120
3660
9
6374
2224
5545
1001
2576
109
6991
6480
7023
408
5257
3194
2323
200
2234
7412
4792
1970
1807
2514
3338
5140
7438
2249
3226
4092
6881
1767
6606
6166
3963
3232
4642
4734
5221
5741
3675
6257
2629
5749
2098
2511
22
2810
7300
7411
6594
4798
2247
873
4378
7158
6118
1424
1534
2820
5877
2551
6157
7265
461
2663
636
376
457
3736
145
3848
1980
3137
4974
160
4953
4208
4265
4446
6146
1466
13
5579
3060
3313
7004
7135
5633
64
7109
6589
482
6818
6911
6127
4412
1197
7308
4320
5318
668
6381
471
6641
1539
5117
4285
3074
1777
4582
1147
3943
4009
2368
5469
4464
2227
1581
5617
6355
1440
2809
5733
2027
7360
3824
2384
6857
3745
7090
6143
2905
2115
7379
5802
6005
4775
6316
5386
5369
3477
2753
4366
6506
5659
444
4755
450
1131
4202
3738
2534
958
3788
1065
985
7414
1399
3802
4862
3229
7099
4404
3128
4007
568
6478
5324
3767
2531
3316
87
1257
387
6292
4529
3628
360
3491
3809
6886
6999
5096
1076
4585
181
1480
3917
3110
5583
1563
5890
3663
4713
5844
5217
575
5248
7078
6244
5101
1242
5852
1233
4990
3383
3701
6995
4937
3612
5587
6624
2109
4564
3209
2019
4921
3010
1906
7142
3071
156
626
6689
2334
3335
5686
1190
2
92
6268
4650
3119
7226
4142
1593
774
2301
3398
2690
4544
5227
7197
1693
4141
4957
2848
2443
5702
5912
2918
7081
1921
2610
7229
6532
1109
4292
4646
1053
2062
6528
1007
6414
4032
5800
3288
6531
3610
5176
441
2751
4757
5628
5105
6835
1551
2157
551
1553
1649
3505
858
1860
6386
3710
706
5418
1136
2078
6578
2607
2298
5928
6799
2923
6526
6700
5177
762
6939
2222
4557
270
7011
6370
6087
7471
1182
4791
5675
786
3755
496
3695
7320
3723
1152
5853
7328
7190
436
963
5541
5655
3853
6798
2461
4488
6656
6885
2072
6326
2524
3184
6637
462
248
7225
973
7436
5459
891
5287
7312
2945
5252
4491
1070
2396
3567
7264
711
6376
4835
1878
5713
6251
5359
3898
1913
4201
949
6173
6614
3163
526
4654
2866
5479
4185
2924
4762
3676
6517
5393
6469
2888
3775
5293
3394
6550
5270
185
4411
121
3084
920
7262
4958
108
2073
2024
4945
6897
1139
4432
5671
3268
7433
6412
616
2959
4459
3621
2908
1017
2712
615
1238
950
3721
764
578
6002
4567
3552
6047
5535
3712
1240
1434
2803
2438
3771
2180
3239
530
2182
7100
488
3319
5414
4634
5696
307
7473
4834
4926
88
7353
3665
1680
6907
6551
2523
6769
6233
5486
5762
4206
7250
6169
3455
2682
420
7175
5940
2641
4341
2039
1804
2999
700
1312
752
5564
6172
2562
3454
1778
57
4380
2043
4036
411
3805
7095
2392
999
2853
6777
5026
6332
4359
6365
728
1045
4220
3281
7417
3147
1884
5009
6481
4890
1575
853
4946
215
1600
7287
5947
4896
3928
6267
3467
3968
6869
5899
2193
2040
6231
3995
4942
4912
2739
6395
629
4832
5658
5961
1776
3891
811
3309
6056
4606
3583
4828
3282
1334
61
6073
1683
6804
1677
560
4759
1346
6693
4538
5735
4901
6340
3176
5313
1329
835
4765
3006
6848
4369
2138
5776
5931
6162
4323
4943
1866
2574
3053
5873
1290
6884
5794
5136
2799
3534
4987
6814
1038
6975
381
6202
3346
6462
5889
3274
2677
684
2432
4224
265
1245
1747
4986
3638
3204
6132
6106
3318
261
1458
2526
4817
627
2374
1298
5419
2993
5500
2168
698
8
1588
5016
6913
1336
522
5260
5790
3535
3645
4569
6695
3533
507
2851
3528
6258
7107
339
2479
1925
1305
3351
2458
6925
2155
4851
6898
2980
5745
1271
5718
4303
3065
309
4176
6780
2994
480
3540
6672
6710
3370
6036
4468
5375
2858
7371
7073
2133
6189
7343
2194
3478
3832
4816
5891
4469
3032
3337
389
3776
4252
3993
3950
4843
7276
166
2777
1769
2824
1549
5770
3007
6566
5008
3836
7206
520
5323
4308
7184
3870
815
576
1998
1749
3011
6860
5552
6153
3009
6156
4424
598
4825
3425
2928
2714
4518
3214
5841
198
5885
1251
4675
5984
3025
1419
2216
6411
2454
4167
5284
302
5916
3501
4878
3646
5761
5263
7452
3631
6952
4838
6078
2228
5158
5303
3905
1002
6963
7035
1059
4818
6240
6647
477
4243
6084
2095
2527
4049
4400
3598
1115
5438
7233
6756
1320
3839
6715
7097
2589
7051
7080
5707
149
5165
1651
2363
2691
214
3172
748
3307
3483
6611
1719
6083
473
2482
3971
3812
759
4962
6658
3362
573
4160
584
2370
1768
4841
5111
1947
1412
4811
3348
2602
4340
4402
5464
4346
102
3115
1782
2231
284
2781
1353
3593
4474
69
2595
4839
316
1266
7235
5205
6114
5206
6444
5118
6490
4873
6737
3034
2170
3920
3167
768
7355
4774
3380
857
6618
2692
6205
5383
1331
1004
7086
6130
1971
4497
3815
7271
6539
2310
6472
6537
5932
7384
4087
812
2561
1166
5977
1390
4716
6576
1763
2161
6682
6004
6571
1766
7223
5374
3085
4598
2257
5430
2404
2932
546
6727
6273
5311
5264
1879
4174
5501
5178
4084
4531
871
4563
5091
43
567
870
6003
4452
122
1585
6523
2142
4637
2582
5258
1471
5821
2181
737
881
6253
6329
1345
1714
4511
6893
7251
217
7141
6547
1145
2688
7390
685
324
2036
5554
237
3028
755
5681
5275
3476
1832
3432
6871
5229
2149
5389
4609
6834
775
3959
5729
6974
1321
2900
2480
2208
3720
3118
978
1328
6730
5960
1467
2481
6408
7192
5774
6612
4864
6972
4760
7366
1352
2012
4383
4627
639
3657
5519
2515
4803
6082
4375
1276
2232
1100
4813
1401
3121
1557
2773
2406
1071
280
1025
4561
2715
6778
6592
900
7322
29
527
6181
909
1258
3357
2521
7310
1579
2312
2636
1912
5050
5164
2327
5955
6489
5458
3624
5824
3781
961
3485
5894
5372
3138
6495
4227
618
148
158
1646
4576
4924
5033
229
4613
3254
5616
7348
6026
1091
2006
2190
6281
6241
5559
3320
6961
6671
3988
272
4477
4718
7083
3389
1770
2330
5836
318
4297
1931
6393
3225
177
2508
2318
1655
2795
2010
6654
5775
337
6895
1659
6443
4051
1168
6315
116
5542
7009
2425
2274
1068
2964
2843
5629
1461
2468
2022
419
5913
2713
2747
245
1865
4242
5507
630
4281
3473
2570
1483
1851
1982
4977
6882
1414
3761
5100
1373
7410
5525
3212
2251
3054
709
2235
1144
6705
2080
3674
785
793
74
3366
3126
1026
4061
1629
2104
3762
50
2797
6690
5536
5779
5838
2507
621
4696
2655
3979
5215
828
6094
5302
6607
2852
3434
5907
7297
6333
1679
3779
2774
5449
5642
7039
3589
1291
1200
3102
5879
4300
2796
4421
5867
2486
1203
6262
5613
2402
1062
782
2867
6601
3590
7214
3686
6151
3459
2321
7489
1232
5769
915
4405
6219
1870
2857
4337
2030
6630
5301
594
7395
5558
4616
1559
1111
7305
6988
5556
3794
3081
5440
4660
3479
3952
6977
5255
1309
5911
3178
4895
312
5280
1663
5401
4305
1170
2163
6864
7349
1491
6719
3341
1204
757
3498
7131
4597
735
3694
7093
3197
3371
4408
1961
246
3066
7208
704
4361
5168
3842
305
5706
4039
5508
51
3661
2685
734
3601
2212
3192
2874
916
4168
183
5022
202
4821
4269
5766
6781
364
1072
2066
4467
2889
2152
7195
4559
4043
1450
4354
2603
4127
6996
5268
6973
1247
6752
3079
6032
7237
657
1852
2896
3826
6657
2103
5074
2020
2513
5466
4570
5357
5491
730
1820
1635
2512
6149
5352
7476
4109
1285
6634
7091
3257
1459
771
2146
5505
2332
4498
1735
7258
2765
3401
5636
919
4778
3709
4218
6216
7311
4512
1567
6645
4028
5435
3221
4717
3379
1537
3148
4077
1112
880
54
6059
7442
6400
70
3008
2762
1724
3186
4944
5988
4790
7104
1028
6759
4572
3555
4978
1729
1011
549
7189
3492
1420
3353
2459
6927
4381
6384
4777
5630
6808
3333
2046
3863
7472
1946
3480
3688
7082
1484
6642
1791
5902
5524
2288
897
1592
1446
2441
600
1035
2902
7132
7134
2634
6339
2533
2268
6874
3777
2451
1682
5511
4884
1836
3488
4193
1229
3259
225
3564
987
2430
954
1159
7178
4711
7098
3495
934
3667
3798
4445
4859
4496
3922
5936
5809
5325
5102
6434
1582
2421
3196
4506
1473
1556
1037
4684
6918
1141
5044
118
6676
228
443
7480
2983
52
6610
5603
6989
10
1573
5635
3955
6889
6008
2998
2791
960
3161
4681
2347
1974
663
1700
7124
2661
3801
2664
5920
1451
4267
5121
5448
2295
577
2171
644
3569
405
7252
4662
4728
1313
2963
697
6754
6421
3310
789
996
4705
5244
3613
6970
1548
1128
5222
4719
836
1092
1843
2588
5863
232
2821
3403
6964
3729
940
1616
3786
4191
3684
3989
1425
550
7013
4283
5021
4436
4980
3418
4060
2452
3655
3277
3678
4989
1230
1101
6675
342
4344
2100
24
4860
3095
769
2427
4793
1250
3500
5592
1664
353
6122
1854
4856
6366
2921
4709
4490
1064
418
3339
4447
6247
1613
724
3961
4992
562
7325
1873
1347
2487
2878
2766
7055
354
4101
3042
619
6334
3471
3052
2854
3285
4384
1149
6602
5147
3133
7096
1184
5076
5487
6741
5198
1107
7263
4465
371
5223
5866
4535
992
4463
5423
2130
6930
5560
1858
6598
6783
2740
3957
4640
4850
2418
4037
5059
7117
3910
1830
62
7347
2236
1375
1577
2632
5409
3431
722
1377
3
3563
6993
6451
4571
2293
2369
3031
5544
3998
6619
4385
2973
3669
6259
5153
2119
4617
4678
4248
2686
624
45
6770
4857
5727
715
4761
1774
2277
4671
1684
7012
823
6309
4149
1105
101
4736
4826
446
6291
6065
4093
3205
362
326
361
2736
5457
6069
1555
3493
5705
5557
3109
2612
736
3242
552
2148
4927
4075
7280
1874
4752
110
809
6720
213
2150
5170
7001
953
5548
3049
710
3545
3399
1837
5308
2086
499
3570
3021
7007
5396
1138
2488
3945
3725
6112
2206
6538
3596
2299
2197
6723
3884
3734
1216
6010
379
6511
5801
739
800
4188
2517
756
3623
3537
2989
6766
1739
7444
3038
3518
3190
1422
141
1512
5321
1952
7274
6482
3155
299
146
1395
5827
1789
1897
7153
5332
1378
4489
6909
2385
119
6962
1531
6049
1666
2671
3838
6971
3544
2341
3294
1821
1634
2884
2886
6959
4020
5196
4976
1067
3252
6527
6546
3181
6986
1838
1034
3716
4050
6159
6017
1751
2191
2897
2223
6306
3600
7246
7170
4982
2716
2380
136
6640
2387
6471
3093
779
1351
1846
193
5216
5918
4703
2898
5407
4991
4001
5400
4685
2584
3234
2509
4686
3235
6071
1513
4219
159
6724
4350
6776
1528
1941
3562
2068
5231
6648
513
661
3237
723
3524
5426
1742
6297
5294
6313
830
4708
19
5413
1888
384
275
742
3994
1756
7260
2630
2238
5839
5898
3157
5835
535
4171
4948
1275
1644
3795
257
5763
1404
4466
1872
1226
1454
4823
1281
1978
574
6154
5202
3757
7266
1225
906
2953
3170
5000
2346
2053
5041
2255
4722
5351
6877
2981
2906
2160
2822
3728
1036
3689
3359
4296
1839
4769
2201
6279
864
4443
2966
1752
4494
294
1337
2590
3749
390
114
1460
4875
4081
48
191
2221
4768
3897
6139
4083
4166
1543
2904
4112
6822
6947
3142
3800
6628
5657
2391
797
4955
2580
5138
1609
2728
6212
505
3381
3422
1374
1829
3890
3413
7441
239
5709
3159
219
7405
1417
1207
3169
6120
4073
4861
929
7429
2825
592
4428
2872
4966
53
2270
3293
5715
6011
4695
117
4687
6873
3594
6337
3560
6713
4836
7453
5214
264
2618
6674
772
6518
1196
4918
2269
699
2730
7269
1274
7241
4038
821
4078
2351
6825
750
4917
5360
5497
544
1681
2718
1737
3050
3654
6652
6226
6774
1151
5591
2722
7048
1989
3037
6001
1524
806
1859
1653
5663
435
1263
6926
878
4560
1030
1482
2972
404
4669
1364
4097
4550
2064
3211
421
2600
907
6744
7183
2316
3750
2962
1494
3861
2891
5754
107
3080
523
2113
6548
6117
3132
792
893
7424
6609
1435
5188
6847
2793
4140
5494
4310
3514
6147
595
1914
4795
4345
2456
6879
2784
5036
5672
7273
6932
4553
1718
171
2290
6303
2264
4237
5456
1198
5872
542
3150
2417
4740
2372
2785
827
4930
7140
6950
3768
3216
4540
2520
1818
3020
2071
3635
3577
3041
3627
4434
2828
4679
5392
1746
2649
1430
7396
3641
3073
3743
2942
3503
5937
6554
1073
2546
4266
1772
5992
965
3879
2362
483
3283
7038
3437
6653
5002
1723
3201
125
983
1665
6448
4175
2286
7248
583
252
222
440
3324
1985
5859
3376
6250
2440
115
4630
417
610
1849
5290
3579
5526
6669
1121
5390
4993
3915
3019
2870
3789
7268
2608
1627
918
2919
2429
5345
3914
6496
6246
5181
868
2930
2941
2198
3857
6520
6278
2882
5868
1180
7244
1962
3791
2782
3933
4326
547
516
6364
510
6171
4295
7309
890
2466
1485
3015
4852
4914
5562
5292
2132
6635
2750
5066
7483
7278
1823
4583
898
5171
4298
5184
5644
5109
854
6494
6402
2844
876
5481
3164
6182
1605
997
2439
5114
4349
3778
3448
3981
645
4515
5869
2646
2434
1333
137
6356
1867
3334
862
889
18
972
5416
3241
7069
5643
6039
941
1633
3372
3607
6433
6816
6015
6542
5063
143
6293
2626
3703
1811
5023
5651
20
2032
998
3597
1568
7005
2727
1289
5819
952
1501
2724
2397
4807
4309
2075
3656
4499
1
1876
1945
4961
2571
3411
4916
5203
3986
7243
2065
7332
484
4150
3292
5135
5503
6013
7181
5516
7216
1202
3446
5373
1176
3342
5191
2530
223
5412
5455
7034
6104
2569
875
249
1792
5130
5072
1085
5129
5035
5037
7016
1595
1371
5480
3439
3991
218
7106
4733
1951
3083
1487
5384
5714
3510
846
3658
604
7227
4011
6183
4641
2621
4898
4725
5929
5132
6260
6556
3265
5750
2167
2776
1154
5240
6163
2297
2143
5247
104
6409
6591
5461
5110
966
2760
194
32
2084
3862
5748
3396
970
6382
3048
2890
1730
2285
5276
5646
5935
7432
1908
2543
4524
170
7
2684
3977
1788
6584
1252
5760
4568
1796
5796
1744
4539
5309
4254
4514
5186
4984
7253
7145
760
1806
5598
6692
1416
6100
5553
344
3441
5744
6438
1214
1403
3972
7138
3817
2016
365
936
5317
5441
1765
6380
7338
988
571
2015
2002
6385
456
1493
2244
3295
6664
3647
3877
6342
1920
153
208
4473
3511
240
631
6061
2390
327
2547
6357
2061
86
3858
2861
4419
2614
5094
2537
7136
3386
7159
4070
5089
695
5881
5007
1165
2755
7151
5230
4239
75
5566
6432
1054
605
5588
5062
3949
1201
1457
3887
6541
5993
3314
5563
6437
1481
1705
3300
5349
4223
942
1356
7375
3056
6142
1910
3530
534
3273
2325
234
5736
6749
2974
1355
743
6445
227
984
2979
5193
7036
1695
1171
6417
6687
1340
7156
648
5515
3165
6407
231
2153
5329
975
2185
3811
3472
4636
5903
6000
4348
7469
5530
2465
6800
3267
5717
4806
2871
5224
3814
1408
4697
564
3367
6129
1179
1892
701
2491
6811
3944
5573
4353
329
2209
3306
1625
6019
1081
3820
6208
4370
3253
5344
7176
2681
4347
2830
5197
905
5751
3617
4413
5246
1019
2435
5038
3191
5580
356
1645
5994
269
1901
3956
4472
5514
6485
83
2635
3421
4893
3602
860
2411
4079
5826
5981
366
5377
4121
5768
1307
4645
4183
3350
4607
930
6341
5543
892
968
5685
3072
7108
5906
5043
4639
150
5320
524
5073
1423
5166
4137
1716
4275
6716
4462
1915
205
304
6030
3415
2202
1174
842
3903
1642
2775
7301
6680
2800
3497
132
6086
1602
4327
4178
1239
6452
2259
1754
2541
969
850
4804
6833
5437
3629
6228
2650
3430
5039
3844
4442
5680
7133
2169
7240
5194
555
7315
6175
4228
4290
410
6979
36
167
3044
2271
3296
1886
3787
7474
3864
2041
3217
654
2329
5656
1698
4334
4599
6186
3113
2968
1426
1569
2969
2849
5619
216
314
650
5399
829
6269
3746
2485
6090
7329
7062
519
6290
7465
7259
2121
5338
6748
5771
5265
1780
2048
7220
5699
2261
1937
3046
2954
2805
506
163
259
5757
833
2946
7139
3929
3792
4372
1545
689
2977
5299
1863
7426
5225
4501
5900
4621
2506
1032
2038
4854
5213
1686
2615
3331
4876
2984
607
2173
220
4427
5538
3790
1129
3298
6788
4255
6912
2731
3659
4264
3062
7015
2594
822
2448
656
7421
599
4902
6474
5547
5274
964
2348
2842
3683
439
945
1431
4672
6772
7330
3078
1148
4181
5371
5697
2114
2205
2804
2067
951
6035
5271
3828
3075
5851
1181
4858
5626
6107
1899
1280
476
1330
4954
6406
4885
1397
1134
1400
3821
7087
4034
2001
3402
6390
5295
798
582
6062
1308
1095
1164
2971
7222
6699
6784
497
2680
4332
7071
5298
89
2745
7381
6435
776
7053
2289
7164
5687
3349
1810
2505
2771
1697
2581
3215
4479
2177
4612
4831
2693
5432
2324
3941
6729
716
714
1106
3886
6238
5972
3512
6668
4090
5711
2076
6028
6190
3947
6936
7186
6070
4815
7242
2840
5340
4238
625
1760
7201
3849
6388
3276
665
2306
6255
260
2893
5163
1116
6937
4475
6128
7084
6040
1442
6922
2045
12
6498
2648
5049
6562
4500
3090
5963
5599
2591
6336
1439
5575
1033
1694
4251
614
6263
5427
2354
3523
6916
1762
3464
1044
3763
6790
4749
308
3951
7163
1541
5394
3796
901
359
6696
2553
528
3740
3924
3626
1933
4314
6081
4933
5343
541
3830
1009
733
2474
6732
4589
4407
478
4911
6883
4106
1793
2929
2207
4257
5219
7113
7358
2204
7460
3561
5747
3198
4072
7249
5310
6764
5471
6807
4409
3162
4119
4410
1405
7454
539
3899
4485
2912
1815
5842
6294
6596
2464
5574
5693
1544
3880
5075
4229
2342
1505
5584
6324
5581
2936
5485
6670
2035
3808
5673
6022
1636
7340
6577
3769
1647
5403
2654
5570
2894
3751
747
3063
7060
7321
2079
5442
1828
23
452
4746
1805
2536
5803
1056
2426
3363
4418
1570
2672
5235
4590
103
944
5789
7148
4889
2743
5405
4781
2734
6170
6045
4745
1031
4504
4365
4541
1323
2305
1393
2802
391
2199
7030
3551
5243
5241
3558
4006
7193
1195
1984
3462
6463
1361
1468
3114
971
1542
3424
3107
3930
3925
4133
263
76
761
3893
317
3036
3182
4200
5615
7120
4374
4673
3547
4812
4425
3931
2484
489
4505
4460
3964
224
995
1219
123
3400
6396
1869
4967
6739
5886
6105
4451
3156
5971
5627
4525
6655
1497
6050
3290
1713
4517
7215
7169
5814
6193
2241
5995
6398
2961
197
6348
947
4235
7486
2240
4925
4771
4833
4395
3131
1217
5134
4929
7077
235
4968
2085
1392
7407
1855
1253
4692
3652
6427
6923
5297
6252
7478
4629
1773
3361
6801
6933
189
5278
5087
2952
6832
268
3731
1167
4874
6375
623
1292
2516
26
5949
4205
1732
4665
3012
3573
3105
6588
4611
3810
4125
5652
4674
7270
4615
839
5245
6608
6967
4394
5167
5488
5639
5047
1322
2735
1926
5337
65
3682
3999
3096
6378
287
2987
47
5493
1671
5356
1077
42
3438
367
5648
4040
296
2214
6256
3127
335
3908
5358
5808
3111
826
425
3508
6320
6403
434
3742
97
7043
6223
273
1661
2956
1596
1516
4047
5815
959
4247
3871
4688
1728
6626
448
2294
7361
328
3911
169
2087
3585
6088
4973
7394
2816
256
847
1318
5666
5328
4704
1372
6773
3765
1702
2287
6299
6455
1479
2381
4492
1099
3878
6415
6887
176
4138
2841
6416
6740
7187
687
740
2028
1104
3918
2659
3996
5695
2107
4430
4922
5355
1708
282
2088
5692
3670
6617
586
5502
2723
1421
6034
2836
3784
6470
4727
2371
4161
5081
5799
5378
2500
5445
1022
401
7182
924
2970
5791
2186
4751
5137
7150
3970
1102
1554
2407
669
3460
1286
3218
2611
6074
2709
643
5917
808
333
5725
4714
5173
5586
3648
680
5719
4577
6660
7146
899
6335
3270
4522
6097
6492
1535
7336
204
7281
863
2044
2184
3261
2266
2471
2007
3983
4216
2004
1529
35
3466
6113
886
3219
6115
2732
6152
2699
1983
4981
2811
3369
5712
1847
7127
720
6786
2410
3521
1822
5605
6197
4773
134
244
6021
6976
5342
4837
1089
2355
5097
1621
71
1470
4542
2985
368
2926
5388
7188
1939
3875
2203
431
1370
3726
2490
3130
2386
5722
2660
3129
2833
2074
332
2881
395
4693
5406
5070
1445
6196
5996
4351
1660
2069
17
1576
6631
590
1731
313
179
5876
2164
5482
3714
6460
2838
3076
4894
3904
2210
6098
1021
6650
558
2102
82
6282
81
3772
2317
6287
5495
4450
5732
6990
2710
1380
1882
5670
3735
494
1615
1205
7085
4600
3499
4794
5353
1436
1124
5004
3649
1315
4352
4363
1608
6499
4444
7418
6985
895
5854
1517
6144
221
4565
1798
4076
1048
923
4548
4960
5914
154
93
3520
5582
2583
773
1117
6158
1047
5010
6899
1437
676
5724
2377
7033
2863
6501
1407
2359
428
3576
6829
1256
5201
6367
2599
7239
6968
1448
1654
3227
1566
5370
7402
1526
7352
4270
5119
3513
161
2428
859
3447
454
7450
5376
1175
5753
6138
1758
4931
4082
4389
1161
840
1103
3423
5267
6572
4096
658
7076
4054
7286
1919
4322
6456
5408
3490
6168
2195
4545
5237
7130
5975
1191
5896
5425
4014
1088
7065
2253
3937
2579
6791
3704
2140
4880
5032
1058
351
7425
3846
182
1084
2698
4470
3449
7040
2469
1013
1388
7443
5669
6318
6227
587
6060
4635
7019
4439
6450
209
5155
2937
3760
3393
6207
5046
2504
4941
4631
6394
2601
5003
2123
2281
5025
6946
5948
5660
1384
4147
7217
3582
3698
1316
3851
1125
5006
5923
989
4655
1565
6763
545
1848
7057
139
5969
6966
6422
5523
4677
3336
4146
2340
1042
4758
1578
7162
7290
1620
4362
3818
1327
7236
4067
1060
1932
7304
2518
4336
2300
3228
4842
721
1775
6817
7334
4015
84
2856
2542
1310
2880
7143
4787
5064
4423
6625
1710
1706
343
2134
3756
4750
2309
5499
5159
1279
4062
7344
5179
298
7089
6397
6425
617
4994
7167
554
3195
5983
6426
1295
4046
2009
1861
7364
3753
4278
2308
6838
4196
2033
4426
2596
2230
3693
470
3604
1632
1619
7282
2764
1462
1158
2497
6629
1358
6867
3328
3969
5256
6636
2627
4730
4386
2328
4592
4306
4900
4886
378
3358
588
5857
7261
