2801
3909
2887
6381
7138
1611
6151
2614
3742
3833
773
7297
2352
7124
3263
1666
3984
1346
6062
6907
5942
508
1050
87
3055
2262
4033
5316
5523
5970
7406
6764
4805
1414
2222
3163
4632
3515
4196
3627
1214
5508
5741
5370
2276
2067
2200
6725
3971
4079
5537
5925
6270
6741
3195
442
3253
7418
4586
3618
146
1204
6406
4963
4844
4906
5385
1037
925
3800
5265
1247
5796
1983
1587
3673
6794
6823
3979
2747
2094
4724
5520
7066
6506
2509
4615
2277
6400
5983
4789
1938
1599
2762
7436
265
202
3103
6570
2408
2970
6282
5702
4161
6325
655
7236
2544
5559
2191
432
2995
5153
3470
2359
5312
6871
5452
2766
4596
6757
1153
6538
4575
2681
2790
4674
5510
915
1749
446
3176
1263
2925
4045
1480
4055
6050
6893
3160
2520
3135
3111
4323
1126
1731
2248
701
6997
152
6453
6077
4085
1973
3653
2016
4664
6320
5919
3551
6349
6051
3323
5344
2582
5654
130
2493
1438
1080
1528
135
490
5040
1187
5660
4775
3912
4317
2757
1795
3296
3940
7161
724
2304
7332
652
1777
5621
5781
1811
3354
4408
3184
4642
4781
6254
2863
5865
3926
2202
401
5515
7125
6430
5485
5597
6765
6024
6820
5822
5457
2083
1175
5071
6658
7208
4641
6149
7027
4483
3681
4621
4105
1277
3659
5126
3373
3878
5718
5680
1978
4698
2588
5903
2651
5864
6504
1198
7064
5948
5299
4681
4184
2883
5844
7212
4191
3329
2301
1899
7381
6591
6572
6375
173
2201
4286
6783
3962
4759
1921
4348
7152
3244
4304
5645
6052
5144
2845
953
4424
4925
3235
1283
6942
3486
2288
6750
1656
6311
1964
6251
3396
2625
4457
5413
6912
757
3179
5400
4287
2546
1321
1568
1538
3380
7313
5288
1603
155
7261
85
2121
7246
4508
2596
3137
7025
107
2360
1687
6550
4999
6723
1674
6298
5177
5387
6638
6265
4624
6462
124
3471
4135
4383
4979
497
5738
1087
4453
71
1056
3280
2635
3368
5074
5930
2533
3875
4707
7347
5228
1054
5544
5082
796
4714
2877
3056
4639
1661
372
4211
1318
441
3778
4473
7046
4646
5214
6703
2844
4501
7044
3271
2318
5187
2784
5526
872
1013
6455
5217
2133
3306
5484
2323
3780
2445
4916
1825
1652
50
7283
4138
6469
4171
2326
964
3997
1123
7087
802
6260
6888
6289
2535
6392
3720
4312
6805
4076
6097
5584
5236
6597
3221
3352
2597
4095
2922
1965
5538
310
4943
920
5713
6440
4921
4020
5591
7270
5145
3136
2060
2077
5120
2920
4811
7111
901
1155
3980
3541
5252
7368
274
4503
2211
4540
6781
1982
3786
7149
7476
5900
5540
2598
3511
1166
3644
998
2767
3820
3787
544
4011
1873
5398
4043
2912
4555
7137
4228
6331
1789
160
4630
5430
1089
6482
5333
1535
2733
7407
2999
4291
2134
4315
2813
1078
6822
2120
5800
5805
7356
543
4862
6093
1045
4174
4858
1834
7139
5871
5632
7387
5255
7080
4190
6073
3835
6708
5630
1677
2674
715
4200
3584
1473
785
4157
710
5381
828
2732
5716
6798
7177
7041
3958
5794
4652
3937
2728
1768
809
3946
4459
1609
528
2066
6233
1272
5804
4749
125
7465
1952
4012
6280
2404
583
1500
748
3502
4326
7382
4792
2282
4396
3309
1979
860
5889
5184
2354
4003
7304
2339
782
3806
147
631
2032
456
4667
2903
5539
4411
4898
3113
1878
3202
1934
2795
2031
2691
7049
5453
2923
4985
5618
4899
7452
6525
2776
3367
2717
5311
514
5073
850
282
4568
1286
1152
6603
2915
5679
3039
3016
1738
7252
2998
5780
4155
5475
1169
4881
6967
6853
2685
1052
928
5167
3603
4572
2853
1548
7035
3477
346
23
1631
940
4334
3865
1128
2009
462
4376
6947
109
805
5314
2364
765
4017
1818
4216
2249
1645
2531
3129
1804
5357
2117
2166
2091
622
3622
4953
3144
2492
3895
618
3007
3994
1228
1720
7257
4750
4666
6378
4685
3276
5151
7292
3138
178
1854
4875
883
5256
2829
4292
7413
1586
5361
158
2270
7033
1560
4297
5081
2948
7112
7329
736
4068
3648
4771
972
733
315
1193
7409
4440
3141
5524
2044
789
697
714
3608
4847
63
5895
4051
6664
4819
6611
923
5305
4071
1029
7269
4484
1265
3669
2321
5070
2695
4110
6026
5851
1488
637
2729
2897
2569
1092
7473
5254
5657
3062
1450
3939
3433
5176
2373
4633
3407
2861
4935
6646
5923
4835
1435
7116
1404
6244
6894
5379
4816
5878
7197
970
5066
1741
4920
5890
911
4838
5229
5076
3913
3748
6559
6408
770
1889
6622
4272
7154
5471
5362
5247
5328
1168
5284
3203
6214
2792
2572
5135
2828
7184
77
1870
5123
6027
5687
4837
5273
2799
750
2683
4179
7391
1712
6056
5560
6782
2
6486
3567
6231
2543
1085
4355
4705
7018
3991
2064
4120
6679
6797
1098
2182
176
4589
4665
5099
3739
3923
4248
3343
886
4989
3043
5582
5932
2037
3031
871
5631
7266
3557
844
4912
4410
5854
6394
5562
4977
2590
2620
2516
5449
3887
4266
3308
5134
3082
1079
5089
5795
7084
4363
4064
2975
412
7128
3661
429
5026
3657
4938
4517
1137
6205
4871
5150
6788
918
5968
6187
3497
5446
7032
136
1844
3264
5335
6883
7060
5011
3885
1882
3191
4635
4322
3549
3571
6696
2045
4839
4817
165
5838
3696
5622
586
1108
3947
2340
3840
999
3369
5681
2523
4296
3114
6153
2961
245
328
3713
1294
3943
5519
6352
6618
6511
7348
5571
6170
2648
3426
2418
3218
7037
6396
5337
1474
1690
3436
6983
5372
2243
2629
1053
64
3332
3
4712
1489
1238
3986
769
4210
4056
404
5149
6687
3882
2165
5481
487
3460
4720
4807
133
1815
550
5262
1990
2991
7287
197
86
6522
2981
1113
4604
1550
2601
309
6776
4499
482
5531
913
1251
3965
3848
531
6763
4104
2119
343
6169
3652
560
2739
5852
2723
7172
5992
7153
2524
1418
849
2395
3671
3700
4065
1847
7218
2529
3929
5261
7186
3758
301
2924
6467
1246
3504
7180
3277
6385
1776
304
6827
5019
359
1539
5899
6312
5165
2281
5422
4261
6431
4479
6237
1451
4582
3666
2046
1375
0
386
2228
2070
5662
624
4169
4244
6208
4917
7199
2337
464
3822
2856
1621
5012
4934
6914
3429
260
4956
6919
6563
2355
6089
1299
5604
1107
2996
7267
3790
602
285
408
4309
5745
1571
866
967
2573
2820
3431
3893
4136
3270
1887
196
542
5473
4413
4507
4958
4037
1778
6353
804
6613
1124
321
6786
3127
1634
7342
6985
1866
1976
4428
2909
485
1590
5882
2949
4
4544
2600
1827
3445
1304
548
6228
3529
350
5999
5041
6193
1648
6389
3275
5320
6003
5811
232
4303
4400
1278
484
2888
369
4683
3338
3993
7108
3040
1332
1756
5826
132
1402
1064
4597
2684
2156
1647
4201
3637
1062
5819
4467
6855
364
5836
474
501
5655
2933
4108
6601
5730
4466
5225
6562
3126
3021
2560
2013
7093
2818
1470
5138
5294
1806
3199
4030
1780
5324
1377
7395
3798
5712
4183
5565
1529
6966
7364
6309
6058
1860
5779
5697
2172
4321
1924
2644
2345
2655
716
4787
142
4445
3468
5065
4246
4655
5592
563
2631
786
5060
6130
567
5782
4192
7217
4760
7063
5872
2510
2471
4093
4658
4087
6210
6630
5837
1762
6831
5334
7311
5532
7410
4172
4861
3404
1525
1167
4075
2081
1896
6501
3975
6064
6676
7277
988
2678
4385
4873
5916
6031
1709
2552
1540
1751
3874
189
7057
1039
4799
5253
862
5444
1270
1999
2484
4268
3401
2772
2431
4018
2881
7036
1343
1430
5373
7307
2130
123
5855
584
5593
5950
2221
615
1833
5885
53
5047
7466
1149
673
4150
752
7148
6212
140
1192
5403
1794
6534
1076
7073
1714
729
2005
2576
5045
3084
1281
1440
6217
4307
6473
2369
1026
2059
1514
4382
3452
70
4897
2652
6523
7386
5428
5525
2477
3862
984
937
3596
378
6235
922
5230
6013
5131
1707
2624
5055
7250
3187
2362
6594
7135
7321
6488
1614
2968
1809
6791
2311
7254
4982
7090
7118
2465
258
5770
4478
2273
4366
885
3151
7353
3624
6299
7229
4578
4740
1227
7380
6657
434
7339
6474
4491
2482
2910
4547
283
3941
813
5037
3427
3630
7389
29
2470
3220
4919
2429
1716
6995
756
1151
630
1207
6451
3096
4880
4535
2167
98
5880
6229
1596
1267
965
5599
2579
3581
1691
502
6148
4717
2233
6825
2079
5979
6206
2108
2252
1081
2735
2382
4273
6904
3030
1935
4663
6113
5064
5300
7126
4359
6364
268
4002
4053
1542
4788
5913
4238
976
7140
4947
526
2906
4730
4029
5765
5829
4701
5917
1597
7260
6004
4821
2020
1816
5439
1471
6706
895
6642
6055
84
5714
475
5840
2072
4015
5164
6815
2871
7098
6682
1711
5937
2335
5706
5014
3090
5658
5450
2807
3539
1119
7463
376
685
4533
1869
3623
2227
4867
875
661
5633
3046
5568
2151
5576
1891
3762
6272
935
6840
2293
4882
7479
5389
3891
676
842
1553
817
6357
7195
3289
2454
2645
7097
4278
2761
5021
1437
7421
4247
6810
1371
1097
4520
3455
5030
2275
5477
1130
6954
665
3389
2319
719
7367
6686
5635
6301
2374
5391
2363
616
1498
5003
261
6584
4696
2468
500
6568
997
5216
6672
1127
519
3722
2711
6419
7176
5578
4186
200
4801
1429
2376
2618
3279
6108
1148
381
83
6734
798
4936
4073
2855
6955
6146
6266
1096
3417
4742
4577
2485
1715
4170
7023
1659
5848
5647
4656
619
1088
1282
5569
4255
6359
3711
344
1644
6916
1840
1628
5546
7134
5957
5124
1182
3667
2026
6507
5551
2680
5205
5069
1501
6921
1362
5772
806
1886
5341
3115
1672
295
1932
4675
3098
2833
4713
7312
379
1208
5707
7397
6897
3341
143
4694
3130
6335
5550
1460
6963
6949
2055
5015
2773
2817
5466
1239
7008
1004
6383
55
582
6426
4650
540
6494
6650
1070
4928
5321
3566
5342
5358
948
1710
3379
4769
5888
5847
6629
2403
5731
7264
7486
3457
2267
969
5898
1813
5353
3385
5920
1908
7474
2593
5447
157
2608
2532
2327
1456
4026
3639
5887
6690
6569
1194
977
3029
3589
2274
460
6078
6139
6178
6652
6493
2464
2239
1520
4148
7282
3872
1970
6424
31
1492
4119
6243
1428
1849
761
5857
6450
2287
5723
5755
75
4893
2457
6614
6300
3411
4218
4790
7427
3914
3759
6870
3425
5823
5323
7487
6948
3948
6339
1676
5608
4221
215
2589
4968
3294
2220
1516
3509
1721
7085
2112
3269
5799
5338
5054
5380
4019
2475
3397
7469
2103
7200
4695
926
1388
820
6204
3442
6404
3067
3366
6873
3351
5727
2402
573
414
6342
2366
6773
2983
1865
6373
4735
6932
6606
59
3186
3228
5575
28
5601
385
7068
5603
4227
5915
1001
3287
5790
5673
3853
6631
5931
939
2129
4709
6287
6744
5542
1592
4907
1412
4725
496
271
5350
2461
2038
3402
2554
6602
2765
6360
2155
81
2472
7062
3131
374
4866
979
7477
2053
6330
5411
5179
2015
826
5971
4299
3924
677
4243
3384
3000
3863
6702
1859
3781
6808
241
7009
3693
4480
5172
2358
4311
3259
6547
1316
2879
3453
2216
1727
6209
6598
3561
5561
2752
6323
4587
4458
2545
2023
5614
4511
2065
3784
21
5736
2720
4241
2310
4864
1667
5907
4390
1486
3152
5964
3785
3827
2096
668
2047
6499
2436
5715
6191
1773
5760
400
4206
5469
778
2370
1943
1487
634
995
3607
4262
4485
3330
2526
7105
3216
3358
3520
380
5806
4716
6556
6772
2704
4144
119
2110
1850
5732
4269
6964
5248
2209
1112
552
26
6589
2171
1226
6484
6902
5652
4550
1134
5243
834
5425
1703
6476
3484
3695
6930
2048
6281
5529
6796
6988
7458
7228
698
5267
4766
2036
419
784
4083
6354
6012
6694
2982
4151
5448
754
6627
5181
2561
4657
3992
129
4496
1063
5157
7227
1651
297
1613
627
3409
851
5856
2927
5778
2071
104
2224
3467
3086
7327
3196
5533
3437
6131
4245
837
4626
2742
4146
2794
4310
425
5814
5990
4058
4153
4419
5455
1967
2517
4978
2206
3075
3225
281
4089
4913
4653
1347
322
1567
4515
2779
5518
5607
6372
3719
5479
2397
3140
106
293
4976
884
5981
1210
5133
2383
1575
3174
6126
3964
2908
3042
1939
4812
3770
5478
5308
4009
1285
1331
3880
3001
3087
5650
3910
4627
1577
2980
2473
6423
4098
2989
1370
4290
161
1585
6980
7113
3564
4607
6711
2797
2714
7430
5405
3002
1942
2138
2963
5292
4732
5309
2953
1472
1537
720
5834
3717
2212
3420
5104
3957
2204
5061
95
5221
5395
5148
1262
4791
7299
2435
3370
6745
4585
6607
4025
6037
558
99
7366
3458
5270
7330
6857
3987
1864
6081
2872
3231
5893
291
5789
5987
3363
128
3526
4362
4160
1181
47
1160
4182
264
145
7433
6066
5245
6922
5234
7120
2754
5692
6758
578
222
6982
6179
5620
4951
6236
7457
2657
11
4857
3080
3801
2135
3214
1374
755
3267
4142
4776
4677
1900
650
1507
783
7334
286
4579
766
3416
1572
118
4831
7194
3170
2399
4591
570
6972
4850
6033
1876
1793
405
4794
4896
3954
1287
7301
2557
2943
2986
3494
25
6009
6104
1668
1163
13
1759
605
680
4414
2444
3023
3726
3224
240
7319
1200
3544
403
1914
3399
1306
5761
2019
1071
4128
3415
2411
1555
3834
787
816
3582
2501
589
1940
545
1461
3443
6305
1708
7247
1006
3530
986
270
1179
2584
5360
2137
5052
5233
1512
6518
4548
5250
6042
4044
2905
1812
1556
3600
4384
753
4733
5188
2353
1694
6471
3377
5417
6014
1839
219
3953
2713
3959
1584
2214
1401
5892
1442
233
1171
2504
3074
6001
1496
1
7072
4306
3440
1662
2441
6730
1405
7233
4337
6248
1828
5393
3387
4356
3212
2832
843
3508
4168
6573
6839
3542
3795
771
3548
6470
4112
428
1416
1928
5646
3831
2708
2089
1132
6754
1120
3949
2506
6908
6665
5057
6483
657
1018
7340
7273
1444
2839
7450
1583
172
3788
7040
3727
1591
1838
1917
4298
5934
3213
2393
6166
2786
2196
4808
5901
5426
5933
4014
5827
5613
678
6544
3459
2413
4021
6369
5456
4471
3890
4198
116
203
7122
2378
7147
989
4948
3328
4783
4939
7281
3204
3243
2372
216
1357
1422
363
6485
7429
35
6628
3907
6326
6094
6115
6340
254
2073
6698
3439
4643
5751
3500
7241
5825
5451
6495
5729
7211
5000
7403
663
4708
5881
1497
978
4254
4054
3238
7145
2368
3395
712
360
1506
7378
102
7096
4007
2439
2478
3646
1987
7293
6971
4563
2566
491
1660
5280
6526
5208
4123
2075
4185
110
407
3493
4824
5480
4955
951
841
2042
3900
6543
2346
2937
4250
341
2356
4946
5943
6577
1141
5922
1369
6262
6337
201
5974
667
3856
4761
5083
113
2884
5862
2530
2003
3240
5952
3683
4465
6811
2960
4074
1810
6759
5402
6517
6841
7390
2420
4731
5445
5062
4975
190
2187
2971
4063
1222
3327
6348
588
5053
5671
6463
2006
4827
7451
1536
6821
6879
2251
5394
1426
3065
6844
2451
3981
3751
6029
1327
1600
3560
1043
7308
4316
5183
347
6388
1786
7130
3743
5224
2423
5136
6852
3580
6279
952
2218
2392
3478
7288
2483
1477
4137
6655
1829
533
391
4770
2928
3372
890
2715
2241
1781
4335
2613
7170
5861
4944
5017
517
4878
5331
2350
3611
349
4785
6661
3361
819
6316
3398
1161
3232
687
1378
5356
4883
4498
3864
308
287
2782
5106
49
4116
3107
1395
5295
1541
941
6190
7175
3598
1543
480
1122
6890
2158
2577
3010
4613
217
3990
7005
7043
1348
5162
4848
6035
4000
7079
7376
3760
337
4829
7038
3336
768
54
4527
4331
7462
2502
4601
3879
535
7082
3217
5918
865
5114
5095
7309
6565
3465
1302
4409
5821
2895
483
4432
5914
12
7123
5703
2342
5719
3701
832
6941
4959
1984
5087
2759
6863
6085
4539
4027
234
6049
7129
2086
1894
1432
3400
2107
579
121
7379
702
4988
1893
4616
2306
27
3691
3803
3825
2076
311
3346
2188
339
4149
6338
5022
57
7183
666
3037
1115
3804
361
1094
5414
3906
5364
3134
3048
751
4603
1464
2774
6227
3686
354
4894
2660
137
6496
7249
1509
4584
4257
5596
5574
4973
6802
2469
1927
3575
263
3223
4560
7188
3143
4739
230
100
7420
2194
7455
4516
4193
644
39
6586
840
2305
3503
6096
4660
4129
2696
1190
2367
1235
2181
3047
6643
312
2085
5820
3345
7434
6987
6329
5156
5754
3313
6751
6135
3479
314
6529
3248
6868
6313
1558
4167
3552
2272
1493
4611
5625
3061
5802
6273
1012
7171
790
2463
4462
2682
5307
4815
6466
6624
2018
4438
1410
2894
2547
6255
6862
4378
3173
1803
275
426
6054
4865
2231
1481
1848
1998
3139
7372
5127
4344
5388
4094
4194
919
2721
1436
6647
1532
3732
7446
5615
416
6277
3744
24
1205
987
7014
1326
498
882
194
463
6157
256
6561
2144
3449
101
6407
2476
5740
5404
4035
4908
1653
590
4629
5235
330
2563
2320
2540
4164
2247
1249
4318
3921
2082
7052
6634
4343
221
91
2585
4096
3146
5351
5421
2280
4715
3747
3157
7253
1958
894
1352
6714
554
6477
6174
5644
2405
6000
2054
5929
1947
2709
7412
2080
4177
2640
1313
2259
249
4109
4062
4901
2118
5094
6566
5941
4879
4489
6021
3153
3324
1340
7092
3944
1689
4914
4493
4798
6363
1413
4924
2427
3753
4342
4441
2237
3026
777
6616
1951
692
4040
6705
1350
5830
6417
5322
3242
195
6234
373
7349
7143
4984
7071
445
6648
6213
5956
4319
5598
3521
5390
1237
7187
958
746
4181
4039
5977
3678
7001
3841
899
7185
6587
7400
6445
3194
6900
547
6122
3491
1485
6090
2386
2654
1143
3558
43
1101
3706
7039
1966
5675
2673
1915
4825
4543
5376
5298
3432
7024
3298
6286
5246
409
6468
3334
1106
5728
664
3132
4006
2415
7069
3350
6720
3675
2000
7460
5556
2838
4588
6374
7384
4691
1360
764
7117
4427
6969
1224
4877
2056
3708
6429
2004
4706
2434
7091
2718
7306
5944
3072
5984
5189
6671
7238
3869
2958
5744
6731
6582
594
1733
6152
4843
2700
699
5949
3325
5274
5434
5392
3247
6756
1233
3036
6961
2324
6962
3322
1452
1376
1601
6639
6010
6070
4103
3811
3802
3813
6207
5828
2568
1423
4050
713
4524
3070
6911
2087
5436
1625
2154
5359
574
5121
6858
6991
5833
238
7255
905
2619
148
3919
5832
4876
1700
1761
6133
229
2136
6956
4767
4874
3522
4779
1504
6074
7026
4620
5199
6960
2736
1157
2687
4594
1977
1635
2490
303
2564
3761
375
4397
3916
6160
6275
5285
6168
815
2266
5282
1824
3752
5651
5117
7059
488
3736
3593
7422
6019
7045
3908
319
4606
6938
2039
2634
5191
1551
7119
5483
4431
5146
511
355
6377
6512
2235
2580
2193
7002
1320
5050
5846
2842
2823
6410
4581
6513
6520
963
4490
111
34
1324
6732
1767
6449
6123
5868
1354
9
5912
7341
296
1931
4965
7248
1842
6041
2291
7442
4402
423
5975
2157
2486
5967
4971
6727
5327
1752
2401
2741
863
6580
7447
797
2610
1363
2140
3109
37
3614
3976
6252
44
745
3999
5595
2261
6028
2421
4022
1499
4434
7362
5610
4786
6076
2286
1353
324
2061
1980
6016
3430
30
5384
2646
6366
5042
494
6460
4283
7464
3317
6993
6492
4952
6668
846
5797
3836
990
5258
1765
6978
609
38
4851
5876
6842
1308
7373
4016
6749
4444
1968
4810
2150
6733
206
6935
512
7302
2886
876
246
2097
5278
1944
5553
7058
7012
3456
5431
41
3371
472
1074
7488
4922
4904
1002
6939
6216
3258
571
3009
6933
5870
6729
5717
1381
1419
399
2176
5954
3510
4357
5509
3485
6775
4308
292
1610
6803
4472
3125
2571
5369
2519
1453
174
2106
4672
6060
486
6358
4203
7480
1862
2109
3105
7094
7167
6180
2452
2173
5626
3304
3826
3859
4777
779
2899
3028
2898
2223
1740
877
3563
3616
5382
3249
7010
983
3284
4127
2387
4806
6717
3252
6885
2113
1257
2527
3755
235
3251
443
7244
7419
3167
2628
5180
4918
1642
3193
6968
1693
1729
1184
6447
1735
2962
3239
5067
5170
2870
3063
4352
4101
2115
5129
2024
2268
6760
7388
1650
5005
6285
5695
1884
4386
3649
4497
1524
524
2084
1400
6784
6632
640
1407
1293
3641
561
1986
2562
5696
6489
5375
1186
450
5558
1203
2643
4336
307
4233
4700
3300
7303
2778
5869
1949
504
6927
1140
5927
5989
3119
7016
3973
6107
5423
564
4592
603
541
6981
2934
2210
2146
3462
6134
1933
3490
4856
5734
2534
6112
1490
2317
3898
6620
2859
3729
248
2480
825
6851
1724
80
708
5904
5039
7214
6739
3257
180
6895
3051
2142
2068
7392
6427
2459
3230
2442
839
1394
1953
4682
4084
2851
5313
5406
2168
1136
3015
7075
1937
4753
335
1561
3626
6800
6303
4525
4764
2518
300
6095
365
2238
3068
6567
1345
5464
2122
4541
6736
4358
5866
3938
2959
4556
1772
2939
2308
3512
2414
6387
6872
3703
3807
7453
7336
5303
3133
596
1215
4854
3818
534
4793
5296
892
4884
4628
2299
2507
141
1702
5682
649
4693
7178
1393
5664
2954
4130
6189
5500
3076
4886
3998
670
2292
2225
6401
4506
1463
1502
6867
3165
2854
3709
5769
68
1522
5490
1559
2007
1739
1296
1047
272
5219
4797
6409
6456
182
2798
6091
4755
4132
7482
532
2669
6651
7231
6709
6333
2649
6202
6087
3501
5326
6446
2422
2604
40
5242
4546
2758
1333
7290
371
3356
5016
2808
5346
5759
3349
821
2240
5268
2090
3189
5416
5231
3206
2025
823
3873
316
5155
3860
4502
4004
3750
7263
5141
908
2161
1604
4992
5669
6876
6441
1482
4571
1344
1790
3870
2159
4841
448
5029
6540
957
4765
6322
4162
3871
4099
4932
6548
7030
2381
2128
1409
4072
2021
2656
183
2965
2957
3438
7226
4163
2893
3658
1911
72
3233
4260
5137
3989
459
6861
3517
5044
6165
636
5152
6128
2496
3888
1129
3794
2450
743
7439
6502
3861
4631
1904
4863
7314
1916
5685
4748
7394
6737
62
6925
1831
6194
3333
5962
4111
66
6246
4187
7201
7318
6393
1392
1746
3640
3536
4800
961
1636
5947
2099
3245
7019
331
1823
553
1390
3142
1993
5251
2316
227
6909
4690
5166
4277
7056
3222
5027
1518
3851
2093
2942
4729
454
942
5028
575
5501
3145
4158
5441
1095
1861
3393
4224
4565
7013
4909
744
1258
2626
6958
2329
3793
3928
7316
6192
4213
5034
2873
3421
6491
5753
3261
4274
3014
7003
3255
2105
5086
1895
1116
793
5367
2606
1479
3219
3662
3911
3410
1051
2174
1620
3335
6292
5511
3533
5096
2875
6386
5491
2185
2446
1314
6882
6241
5110
138
2396
4702
2548
149
4232
7358
5771
2028
7262
2617
1890
199
1256
7398
5020
7193
2612
251
5768
2230
3499
1732
4404
6247
2850
6718
6583
6595
6592
5579
1997
5232
4911
2244
4046
5433
6600
6321
5758
4389
5996
4746
313
2866
971
3274
2447
5602
2008
3286
950
4364
56
2302
3448
1872
5505
3058
5277
5849
6490
1484
4995
3677
2570
1845
1981
2219
5263
5785
6524
4927
6186
525
3765
3514
617
1329
306
1458
2394
1775
3147
4481
74
5897
2826
509
1255
5168
1515
6535
3156
1971
4996
5535
1337
683
1930
3305
2750
3266
5708
7296
3422
4754
2232
6826
3450
5209
3690
2315
5329
4574
3960
956
4131
3262
684
7051
1841
481
352
394
933
887
3229
706
5244
1728
3774
187
473
4069
973
5733
5211
6138
2271
4530
3634
3597
4618
4271
4834
930
7291
5938
5577
4365
7179
1820
726
6662
7441
2290
2357
4670
151
5548
3480
7346
188
1679
6310
2432
4994
1145
6558
5084
2789
6448
946
6063
1678
6276
7240
2344
3955
1457
7150
2549
1242
396
4124
3951
2102
351
6291
3799
2197
5580
5204
6418
3868
4371
659
3824
2595
4970
1913
5955
6268
4738
1565
340
2541
4293
3339
1041
4608
1675
2449
3424
4320
4463
5850
3357
4477
2967
5079
4092
2417
6154
7323
6669
7484
2001
5619
5628
377
383
7475
960
2041
3877
4091
6588
2092
7054
3122
3241
6002
7335
2647
348
3311
831
444
5936
1853
2253
2162
156
5147
4802
2425
1589
179
3651
3545
2716
6141
1513
1734
6211
6184
7061
2950
3285
679
3302
5318
4325
4822
5793
4301
7284
2591
1843
4047
4240
4957
5009
7223
1032
4125
7276
177
6079
326
7456
7099
2951
159
1658
2607
1077
2753
2283
5383
5512
728
2438
6846
1330
4774
1819
4784
775
6514
5746
2556
5212
6530
4487
1579
5198
470
6086
2825
881
88
3038
4549
5587
5158
974
5018
949
4640
1389
5926
6675
4845
164
5397
7207
536
3073
6261
2783
3632
4001
610
5813
5994
5163
7481
7371
1802
6398
4145
5572
3983
7428
479
4772
1912
794
6884
6318
2296
6574
3482
1420
2815
1669
5978
1606
3383
1100
5773
3116
1920
5735
2847
2017
6778
3337
3670
686
4773
6082
7173
3024
1863
6743
4820
7468
1805
7160
6621
7029
4446
3359
2809
2992
2719
5747
6560
2095
2672
6176
2313
6452
4066
388
3917
1594
2940
6158
7070
5724
2929
4197
1138
5304
4599
6390
3676
6887
7192
1745
1104
3704
1782
1808
191
2499
2384
4795
5347
3386
5742
4437
1384
3177
859
323
5611
5291
1133
1695
2184
6422
2615
5301
1830
6579
879
3599
1197
6500
7132
5935
689
3903
598
5178
2642
3020
931
4688
5396
5239
2821
7352
1681
1549
6022
144
4226
3591
5051
6171
2690
5960
5348
3435
5748
4122
449
6615
3117
4126
36
4923
527
2513
2947
134
6957
5365
6030
6245
2869
7415
6836
1446
6059
2522
1099
6944
6670
1880
3403
4464
7157
259
2727
6444
6553
7338
5495
7015
2592
2904
5001
4895
3837
1791
3388
3707
3970
6144
5100
767
5249
6105
690
6288
5605
3757
2827
5554
117
6801
3952
2143
5195
1110
18
5437
5068
4830
6425
4249
2307
3374
208
4280
4505
5737
4980
1629
2583
1310
5961
5902
803
2816
4545
5093
6937
6269
3355
3464
5461
5763
3094
6680
3945
4443
5616
1421
239
3052
6761
6368
6250
2661
2737
6970
4602
5641
3019
1185
5159
435
7110
1505
3749
1386
2489
2639
5465
5946
5573
2707
7242
727
2764
3060
2997
4008
4651
477
2027
6306
2763
6946
447
1903
1131
3192
5750
1206
1292
4417
6986
4752
1305
6951
3756
4435
7224
1338
166
6881
1008
3768
4580
854
897
2862
1252
4859
5906
614
1530
2956
5693
205
5787
5007
595
2043
294
1797
3689
722
3685
4981
811
3444
3288
42
5818
5643
461
836
5845
6701
718
2988
5566
1439
874
5905
4349
1837
2186
7230
5694
2744
171
5494
4229
3071
847
2303
4081
4279
3281
3022
5563
3763
3268
1082
2152
3767
7416
5111
4559
2208
2811
807
3930
4204
3215
267
5410
6539
2581
6721
1276
5516
3894
1696
6332
3754
7232
5609
4930
305
2551
5058
2139
5319
6549
2164
2406
6813
848
2966
5264
1991
4692
1883
82
2812
6738
5004
3413
7067
6619
2800
478
1649
4412
2835
7174
6215
4744
2254
4889
1317
4521
3705
4139
5293
6928
5340
342
1266
6537
6984
2810
1196
1554
4542
889
5128
814
4023
2710
3121
7165
1335
2955
5154
4532
7133
6458
2487
2035
7115
4113
5921
2361
1758
1665
3525
599
1892
5874
2391
5581
5812
3741
772
1061
3698
5240
4300
489
6799
7220
2538
3201
6874
6635
5049
5909
2380
2416
5589
2419
3496
5670
4333
3904
565
5412
2911
6263
1521
5088
7206
499
613
2890
4351
6599
7203
1025
4118
5788
5190
6132
800
1403
2703
1415
4554
1926
1807
4518
5775
1517
507
5182
985
1142
3316
2294
1441
1164
5
4782
5325
1799
4482
4745
6258
2804
336
1170
6223
368
4796
6487
345
4121
7459
5527
7351
759
2616
3876
1191
5701
2803
521
5536
6239
576
6934
3805
2978
4237
4905
4353
1867
3716
2458
170
1028
1654
4842
4768
6766
6847
730
4415
5032
6395
2126
5988
2322
236
5091
6156
7142
518
193
1959
5130
3013
2697
4134
5463
3254
5487
7295
2917
6713
3629
6007
681
3936
792
6196
6459
1060
6181
7103
5097
4225
4332
1057
3150
600
3694
4638
611
214
3382
1508
3365
6072
1030
4634
4034
1960
1545
6371
6005
4689
466
5883
69
5594
5226
2279
1385
6865
4133
656
1365
1046
2494
5552
5109
4429
4399
4061
5910
1941
3408
6350
2977
2664
223
6684
7483
6367
4570
3605
522
3712
192
7
3568
6742
3534
3003
2730
3017
1494
4423
4234
1511
660
2179
4612
867
6457
5355
4853
2250
6290
3172
6700
1851
2149
3158
2731
1342
3112
6689
4236
5649
2163
2002
824
2189
2824
738
4495
2756
3434
6898
4407
2312
5486
3045
3505
4687
4165
5588
3746
6382
2111
2755
1619
6581
5206
6413
5808
5468
1817
4557
6693
2932
97
3854
3348
691
1250
7159
5476
2385
247
2921
4803
2377
6296
5764
917
704
873
3724
3642
5684
1989
3858
2702
5666
6617
6832
154
902
5555
1017
2375
4460
2650
4804
5841
5690
5048
4374
6481
1638
6175
1936
3008
2837
7470
1954
5998
5939
2945
3210
2069
3018
4553
4275
6125
6965
3852
2694
5585
5467
3518
4669
5792
3301
2734
288
5215
5072
6710
5098
1005
5368
3810
6785
6707
896
3808
2012
4430
2170
3745
5038
3164
6551
5279
5965
1459
909
991
612
73
153
1476
4997
2586
5171
7081
7435
725
5586
6185
7426
3942
4757
3108
5289
4950
3344
4442
1069
327
6163
601
3578
7136
4915
6510
5218
5503
7198
3692
4373
6088
457
6576
2686
2033
6740
1431
2328
2503
1569
870
5286
422
3977
4392
6806
4743
4265
6531
1465
1801
2104
4840
273
904
451
5493
4814
6274
795
2379
5287
1578
4041
4328
5175
1075
1897
6990
2916
5169
2938
4751
6334
1373
1961
5877
1408
6891
5590
5993
5429
6420
5443
6295
5839
1792
6532
653
278
103
276
2298
3773
4703
5101
2638
2141
4235
3171
453
5722
3099
5953
3011
5656
671
1723
4538
2867
2738
4289
1118
6069
7089
1447
1764
731
6903
5777
3819
5995
413
4726
1024
1624
7337
1566
7361
705
5873
5454
6762
2153
7109
1156
4219
4962
774
3394
3812
1090
7401
6403
4737
5720
2314
4931
3123
1174
1698
1552
955
7359
629
4492
6117
4057
1906
7047
5339
903
6084
2229
6110
592
6075
3792
645
2525
4528
1562
835
411
17
3843
672
6697
6188
1231
5275
2147
538
808
947
7181
4067
6546
5528
2802
1701
6203
3128
760
516
3702
5863
5507
4567
4302
1478
1975
3601
2849
3679
2676
3660
3303
2699
108
6515
6454
5492
1616
6129
5634
3817
7365
3620
4891
2746
4937
2848
5541
325
5200
5306
7300
6343
1279
65
577
7202
6438
5107
7328
2882
4195
1009
1406
4942
7411
6859
2701
6973
6008
6221
7377
6200
734
6379
1117
556
1671
6774
2976
4564
4222
7156
6817
7190
4470
1383
2874
3079
5986
4998
7100
4747
3920
7432
6787
2285
3205
4903
2284
3897
3838
3613
1595
3562
675
4107
6199
266
1737
6755
5112
1086
3988
6222
6503
6719
2388
1411
3935
938
1622
3775
5241
5459
3672
3577
4330
3553
1261
626
5668
3625
6032
3961
7204
4668
845
1888
4852
7344
944
4710
5059
4406
5269
2689
3783
417
3922
7472
6769
2985
2536
4401
868
3850
5689
3089
5006
3635
5617
2460
682
3740
6120
2603
1315
3832
3656
3064
4780
4868
3523
5283
3884
1798
7074
3161
4175
3447
3546
1000
1633
3381
7191
7121
3110
4010
7256
1885
1743
5077
4654
1923
4610
799
1632
3454
1158
5202
4031
3823
4987
3513
7278
1630
1387
277
6399
3733
468
1144
4986
5672
4537
16
2190
1684
4475
639
2215
1766
2834
5853
4454
2578
357
2051
2400
5119
1455
4178
384
3574
237
5807
6249
3390
5497
218
5817
6712
3481
3101
6849
6659
2058
6923
4697
1581
5639
4719
5352
4609
1475
3680
1154
163
2297
5432
6678
2805
2500
5332
3175
289
1044
1229
2183
5186
4531
3506
6101
2936
1736
3933
6508
1303
1929
1165
6061
3362
15
4562
1135
2793
1685
427
5638
6889
6412
6111
7369
2858
4967
6605
762
4295
6183
3272
1259
4522
6596
6307
5924
7467
7168
7083
6439
749
2030
5860
3559
4345
6302
5105
3931
2751
5752
7101
6283
2325
2565
7449
3027
6626
395
5980
2771
4339
4623
150
1336
302
6225
3307
6828
4038
6667
3665
869
4324
1159
3982
2488
1010
1448
4140
3735
3737
1424
1462
6433
1704
6182
3183
827
1835
2935
1015
4370
5407
1744
4523
6391
1183
5349
2258
4028
7405
4214
1243
3664
6057
4461
1260
5024
4504
711
2371
853
424
4649
52
1059
1607
6917
2665
7222
4393
5458
7235
6099
3290
2433
4993
3469
529
2575
5704
4647
5642
3527
4468
2456
6315
6519
1048
6065
4762
6604
3968
1580
1832
6906
3169
3886
4256
5653
5092
921
4513
1821
2889
5945
1216
7086
3234
1902
6284
6461
1398
2969
962
1366
5259
2175
5408
6428
3738
1125
2207
5489
1288
5386
932
5363
1150
6936
1905
6929
6901
6896
747
1874
7251
2926
2467
929
6238
1670
510
3925
1040
3604
7210
4756
3771
6528
6109
6666
2331
669
6656
6869
1253
1223
3519
6436
4354
4426
3495
4420
2178
2896
6106
4870
7443
1922
3682
469
5196
2671
5606
387
1747
209
2637
4890
1855
1466
3044
3236
1705
1295
3104
5371
2913
1269
6674
7350
6114
4114
4205
6812
6304
2914
658
2389
3892
1011
4380
6043
5705
6314
6083
2864
2169
4086
5699
436
6625
5570
1826
7408
2745
4327
4220
3554
1955
2677
1602
2265
3033
3797
812
3621
5784
7166
5783
2712
5143
4077
3889
1220
58
3516
3237
6753
4281
6071
2891
1396
3207
6843
3124
1995
1031
5549
1176
3066
4974
4159
5667
20
3283
4645
6242
4013
2351
3466
5824
1172
4361
4823
5496
362
2806
7151
2743
406
4723
5033
1020
5678
1857
6691
2474
5859
3318
1800
5025
3006
2972
5197
633
1627
1718
2662
6397
3606
6952
1623
2698
4199
6695
1297
3883
4439
1881
4593
4294
2410
3791
1273
7478
4736
5700
6341
7320
5564
585
6116
3721
2180
7219
2567
4486
418
4892
1996
520
367
3844
732
694
60
290
5266
6918
3699
2602
392
621
1717
900
1713
1240
2242
6809
6541
6677
3643
2497
6137
3498
1073
1202
1147
1919
3282
2365
880
1544
6557
1612
1221
5035
1783
4519
3310
402
4990
3579
3295
1534
3772
5317
4143
3041
5118
5470
4368
1219
3594
505
5424
2542
2515
3078
5886
4686
3331
1742
4718
5636
1355
1103
3181
5843
4288
7095
4451
3166
707
5502
1796
1244
455
3896
3227
3654
2705
2670
4855
4910
3572
3120
4940
2256
6875
1319
6240
7445
4425
3631
5031
5399
3815
2125
4509
4276
651
431
838
3069
4305
1111
2785
7454
3543
5721
7189
1697
5514
566
3565
7437
6347
2668
1533
7259
4734
3118
5710
968
6555
6434
2537
4456
3446
370
2088
4338
3978
4314
3779
3710
810
1748
4813
5766
3092
415
3588
1510
7245
5080
2814
1072
2116
6472
4758
1467
5612
4933
858
3321
7271
1268
6795
6999
7234
5122
366
2205
4941
7440
1291
2443
1225
5213
4455
1785
632
6804
6998
3057
3995
6465
7471
6118
2987
1022
4494
437
1546
1588
3004
1271
604
320
3617
6953
7213
818
1898
2775
3392
3967
5711
5419
2022
1425
2246
3340
4282
7196
5951
975
781
6402
4387
7053
1468
7158
1289
2063
855
3532
1673
186
61
280
3200
6660
4090
3540
893
549
856
1007
5637
763
4476
5677
5972
1274
742
1570
3766
3972
1290
5435
7274
5343
6198
4605
4526
4154
5683
5374
1213
5522
4284
2632
5774
4231
4648
6257
334
3405
7383
7077
1957
1114
1454
4849
3423
6994
2558
6924
2919
1358
5174
6136
5290
3816
3312
5210
4433
2295
244
2740
688
3731
231
2777
3583
7050
5858
1754
635
1985
1639
6945
4872
5958
7285
5997
6232
2796
646
3849
7048
2770
739
7265
7444
1311
833
3633
3360
4141
5875
6747
6355
1334
2192
830
6554
1699
5982
7205
1779
5709
3638
4082
4972
1657
1368
572
2330
1757
7331
3320
2010
4156
6218
562
4285
3714
3180
537
2123
3602
3612
5928
6067
5835
2236
6102
2217
6384
4251
3950
3966
3927
1788
740
1974
4059
3974
801
5534
4536
3474
945
5194
6683
7164
3178
5192
3025
4398
1576
5142
6167
5330
1814
6336
3347
5378
3364
5498
6724
943
6777
4230
5686
6943
7279
1755
4836
6880
2831
2641
4395
580
6220
2880
2234
5302
6792
2630
7294
5884
4088
994
4887
93
1312
318
1564
4394
1615
4617
4474
6034
907
1725
2508
6819
3647
1945
1236
1241
568
4449
4369
3159
2440
3715
2424
7034
3867
2658
6047
7485
5966
6816
2611
2131
4117
3208
822
4372
6
2199
5879
1871
2528
6308
7022
440
5969
5427
2633
6542
3846
4375
1091
1341
3915
530
6346
2349
6267
7163
4671
6361
3829
1503
5676
7146
3100
7489
253
3314
1925
6571
6195
1275
6521
1055
581
7423
2868
4422
6119
981
7322
2876
2725
3293
6644
912
3592
6673
7169
7088
7000
1084
506
4106
515
6475
4699
5726
329
7237
6818
14
6271
2428
3091
4558
7162
6681
1573
852
3586
4926
6017
6926
6443
356
5238
7076
1523
1016
467
3093
493
3830
6197
492
5816
4551
2822
5801
5116
7275
6324
1280
1232
4313
6609
5085
3570
2768
3619
864
7141
284
32
3375
1836
2498
1209
2748
1875
67
1948
3154
6039
3342
1066
4676
3585
3550
5894
6752
2453
3725
2495
3842
4042
6415
2840
1730
2014
2679
2226
597
7448
7393
628
6977
7007
22
4662
5161
3035
4636
458
3728
4727
7360
5583
4860
1574
3190
6829
3083
4885
317
4595
3292
607
6328
1245
5665
6011
6201
910
513
7325
4510
4436
993
6814
3576
4102
6068
7355
4680
2787
1162
5173
1868
2148
6516
5354
1173
6767
723
3901
4147
397
198
959
2309
3406
7182
1769
220
7028
4846
398
4217
3857
5474
3265
2263
6913
2332
1301
5462
204
1038
5521
5842
2407
2390
5440
5260
6835
6264
2412
6025
3299
89
5010
5985
3428
7102
6864
5023
3932
6575
6536
5257
696
5624
539
3538
338
2706
1023
6992
6411
2049
4659
1139
700
662
5237
2885
5908
2050
2177
5442
7031
6910
982
3473
5627
6293
6142
6147
6442
1021
6416
1298
6405
5401
6790
1382
96
2462
51
3881
2550
2264
2333
5075
5140
167
3353
1211
79
2599
4902
4704
7006
4367
358
1692
5963
5506
1646
4052
4644
6899
2594
2901
3663
2830
5185
2952
3650
3487
6362
3088
1901
175
1526
4209
262
7155
7425
5896
2692
2722
2430
4360
3256
2338
3535
1284
6692
2132
6793
6046
2029
625
3188
4152
2479
898
5438
593
7131
5600
3668
332
7431
6590
3531
3655
471
1787
4622
1323
3814
224
1019
7374
2609
3645
5272
6905
3769
92
7272
4778
5891
3628
4024
6931
5803
1846
1663
647
4263
2078
1212
3547
4826
2902
2269
4561
6645
4202
7042
2836
1992
3985
3197
1963
6036
6219
5867
5409
7286
2553
2984
4983
3796
2255
213
1180
7317
4929
2636
5749
6253
3451
4678
1962
4741
7021
1760
4080
1105
3378
980
127
3148
1102
4346
6716
6015
3845
1753
7144
1547
6045
2941
7020
4869
5203
1397
7417
3684
5557
1641
4711
7268
5504
6040
433
2605
6834
3412
6121
5008
6345
4166
1445
4888
620
131
3050
3315
924
