6245
6651
6711
6266
3963
7132
2041
6516
3696
39
3441
3019
5375
1222
2039
3845
1670
704
7046
3979
3995
4479
1125
4667
554
3503
3341
1229
275
3570
7225
1725
4125
1211
2563
1876
6778
2930
994
4251
2288
6908
596
4290
2422
508
1794
2140
5440
6755
4317
6742
4579
3067
2953
7310
2604
2826
5196
2027
855
1428
4808
5431
6428
693
4457
6758
4111
7234
110
2892
6996
541
4240
6899
4755
2193
7289
1073
3112
5546
2455
1184
3347
4141
5267
3772
3316
2584
4399
5002
2613
1863
5689
2661
1445
4422
428
5859
2080
4509
3961
4901
2494
1188
5905
6420
3076
6091
3250
6799
1068
3023
1813
7373
4878
7349
3280
7034
1840
2079
6009
2317
407
3981
4677
1615
2050
2865
193
542
5247
5533
2951
5012
5327
7088
2030
823
3337
1453
5791
6363
5860
3339
3349
5337
1984
368
7205
1216
1791
6625
3147
2289
3095
2806
2588
2770
4966
6457
2310
3651
2335
7304
12
1558
4795
6704
4242
1846
6668
1396
5355
5244
6027
715
1943
4678
4459
2741
2558
4424
1223
6455
2142
1828
4256
4776
6174
3440
7189
3874
4706
5010
3267
2270
3308
5534
181
4489
211
412
3248
1621
4151
3520
4381
2982
4614
3958
7137
4863
3533
4993
3298
5925
5887
7336
6019
1400
3852
5997
2340
2606
5823
2517
2855
2590
3169
614
396
3412
4566
1638
373
1472
9
5333
777
6469
2261
3424
2637
4050
3436
6677
3785
3221
3033
3639
4956
3512
6977
6572
675
6944
1860
7382
512
43
4875
822
1390
5006
2884
7020
5911
1643
5191
1001
1889
6952
5557
3773
336
3123
2046
7043
5317
1385
1103
3606
4066
1803
4508
4282
2792
4552
5091
1030
6394
2354
5105
7439
1574
3812
366
3829
7036
2372
6199
661
2862
234
4770
3305
729
2253
2313
244
6057
3486
4749
1276
1213
7170
1148
6039
1522
3315
2964
2774
973
1147
3989
1537
2208
2349
5923
1990
1652
4624
6530
3073
5537
2824
3599
6296
569
2367
5314
2903
272
917
7060
1087
819
6487
755
3907
5142
4054
1831
604
1927
219
517
4496
1119
2445
2431
5806
5555
6640
2410
143
3075
4790
2414
7297
5531
5973
5063
1281
1330
638
725
7027
7077
2097
3015
4439
1143
1719
6387
6840
3868
963
7290
3580
4223
6259
2645
4767
5808
2089
6906
5415
7363
5224
92
2674
1663
1758
6306
7405
2520
4233
269
60
7396
1650
730
5757
2833
3879
5406
7250
282
3080
5594
1603
2693
7164
3161
312
5792
1375
7286
6295
2921
6001
7083
4727
870
1861
2650
4101
2763
2198
6237
7309
3121
25
2192
5033
3330
3911
3380
2470
3968
6695
5709
3678
4862
5987
2870
3377
6081
2393
53
6341
1082
1503
2134
5940
1178
7400
4042
5636
5708
7344
2117
2666
1399
3544
4885
5435
5830
3152
788
3699
5968
2878
5353
5130
6670
897
1787
5443
6699
3132
4642
2532
2471
264
2201
4328
5640
840
3304
5344
5502
2887
6743
2728
190
3355
4401
479
1545
5463
3485
3268
4866
6070
920
3163
418
1845
2351
5624
2983
2509
7210
1815
2293
4799
4434
6141
1766
686
6284
5195
6756
3494
3216
7117
2966
3276
6815
205
2095
4048
7125
2599
7305
497
3694
3275
931
3507
3541
4577
6507
579
4516
3556
7431
163
5521
2452
3007
7241
3185
1697
6329
5083
4600
5519
7436
834
3042
2182
3287
7306
1981
4910
313
7176
6269
6326
3788
5050
1185
6607
2673
6222
6343
3648
2044
4167
6991
4209
4047
3676
5068
7464
4344
6149
7086
557
1685
6733
1763
5060
7124
1334
2922
5613
63
4916
194
5904
360
7158
2923
1471
733
4164
3998
2196
2262
1077
5162
7316
592
2186
2908
2015
6115
1875
3208
634
3182
6874
947
1668
3795
5144
4686
384
5348
6821
6958
6037
2624
6216
2947
1273
3094
392
7366
5720
1950
5965
7089
2244
3027
5649
5305
3514
6763
7293
7245
4970
5535
4202
2567
5365
1315
2437
1544
2684
701
539
2092
4907
2875
6106
1707
5035
3945
2984
4365
7423
1369
2474
6576
4961
2086
3394
1486
3657
6807
959
6722
4526
4440
2179
2350
7050
5325
281
6636
5252
66
6544
1234
3897
2331
2009
2172
5694
1967
1393
1871
1379
6984
810
6838
1354
5477
2275
5085
6656
750
6270
4511
1978
4470
7279
4825
209
4012
4613
3344
3244
5650
7287
4663
5719
696
519
5701
7470
1780
6964
5966
3816
6024
876
1573
3616
2373
97
7258
3511
2533
3115
6107
625
6558
6318
2858
3200
2955
3126
1702
5180
1117
754
1526
608
4746
2259
6869
5277
2692
6584
3893
5707
1409
6693
6114
5399
6160
5942
6400
4978
6206
20
3110
5621
3612
6652
4341
3168
3800
4881
4129
741
4069
4130
1006
5847
3525
4253
6071
4059
804
669
2016
5826
5220
1790
7347
5853
4836
6352
5529
6951
4254
5663
6738
364
6478
4323
7350
2362
1207
878
2402
6035
6385
5430
582
2683
2459
4952
2749
5582
1457
3515
4868
145
1772
1934
2960
4789
7212
56
3707
5036
1718
505
7360
1425
5559
2573
7338
1797
4779
3665
3723
1321
5262
6664
486
3916
188
6580
2472
731
7374
6575
2382
3188
5978
564
3130
3950
3403
5460
1654
2872
7224
4832
4503
3491
3775
5937
2220
859
1704
3001
6701
1667
3896
3462
572
246
7041
890
4563
3624
3993
4964
4407
1386
7387
457
2231
4629
2174
2963
5171
5053
949
2321
3623
5924
4986
5702
5522
6847
7025
6190
7094
6181
5104
6623
4291
5381
995
5380
4630
6926
7412
3973
1823
2498
7465
5227
2380
3307
6577
3387
6611
1266
4498
6458
4396
257
5042
393
7283
3987
3495
3263
5260
4606
4594
6528
5950
3368
5516
1992
6644
1316
7449
3825
3422
3582
1042
5135
5822
4753
724
7122
37
6286
3962
3107
4578
6361
893
6488
6454
6746
3964
1429
3214
2173
4888
7201
5287
3162
316
3549
647
7376
5117
2397
119
1829
4725
6299
6629
30
5482
4750
151
5820
4016
3171
1132
7055
3469
5736
2851
1366
689
5214
6638
873
6679
7277
4754
620
2669
2169
5681
645
1971
7243
6818
4426
5714
3763
3600
3752
4818
7484
3996
2850
5883
5688
3103
3246
5699
1826
6482
3700
642
782
1100
3619
7006
1010
1245
3417
2114
2764
4995
1633
147
6234
2290
3888
1160
1159
3085
419
5456
222
6673
6030
1140
4356
2210
7386
6360
314
7242
4073
5291
1094
4529
2245
2621
191
5668
4247
7419
850
1907
837
4842
5089
1788
6302
5470
283
2545
6215
1163
3930
3285
3063
216
649
3460
90
267
5832
1377
2657
2211
6342
2529
4108
5955
4156
4314
3353
5761
1770
2055
5294
5444
1993
1705
29
3909
5654
3360
7353
1922
5342
448
6810
2660
6473
551
1997
1382
1620
4685
2753
2958
105
5984
801
3739
5223
2877
4990
2447
5931
742
5054
6804
7414
6641
7180
4535
5983
6383
535
6793
1000
1324
118
982
1078
4548
6303
6969
5861
1099
2537
6610
4492
4550
1589
4135
6832
4675
4504
2110
5840
1616
263
2325
7192
2065
4893
6305
5679
3354
1258
6453
2103
635
6381
3175
5817
1252
311
2904
2627
5687
1239
7202
2476
4976
58
5254
1994
1451
7053
1842
4218
473
1339
5161
7141
2078
6882
1947
2444
3906
4176
2388
6856
2688
6979
6894
771
4285
357
1194
521
383
4982
7139
6074
3560
2267
4086
5545
2391
1280
3306
4178
2941
752
1720
6872
4351
5496
735
2639
6065
1521
5187
4887
3381
3361
2456
7313
1349
2296
2554
3204
6017
370
1550
4948
6491
7325
4747
3235
665
5257
6244
5368
6539
89
4925
2998
1166
4416
2417
3518
5169
3939
6131
2021
5735
6310
3028
2890
55
4873
2578
5724
4567
4580
5332
6741
2426
3102
5425
5797
3836
1421
502
5465
5410
2219
4699
4840
248
1054
3597
220
5742
6868
4098
1407
2364
3038
3827
580
5658
3480
1415
1748
760
3143
4730
3794
948
4959
6562
5995
5274
1811
6188
3831
2731
3726
1325
6466
3813
3256
5988
6911
2501
3034
6172
3153
5759
3955
2876
4088
5066
4655
2356
5419
3934
5962
5754
6689
4321
2874
4257
3828
4654
5946
80
4236
6642
5350
3873
1086
4766
796
2037
1157
4448
2893
2784
4053
1774
494
932
5090
747
6257
2287
3628
6967
2083
3736
1034
738
2171
227
6194
2040
2873
403
5193
692
1282
2460
1594
4076
2213
4152
1783
4165
3904
1146
1986
2327
1059
1092
2631
6348
218
45
2421
2636
3039
1026
1531
1149
5404
2477
5549
3721
2614
5384
3750
4061
3782
4560
2073
3633
4300
555
5939
3383
5547
3796
2944
4252
1906
6579
3218
1186
7466
455
3133
6331
3725
2067
7214
2106
1841
2376
1587
400
258
4177
991
2860
1500
6789
3784
1477
5629
2603
2866
4143
5167
901
5756
4013
3374
5671
2626
6084
1635
324
5303
6046
748
6494
1942
6834
6239
6511
6500
7459
7100
759
2155
2675
2157
4421
5639
6881
2381
3717
6948
7372
1572
4210
4419
4800
4128
4089
4588
1914
3751
3690
6549
4040
1734
3149
5323
1131
5952
6142
2369
6717
4646
5458
7049
4787
3359
1494
6520
6859
1365
7054
4436
5476
732
354
1577
1966
5452
1262
2390
3749
3136
6462
6297
2263
3822
1781
5777
3151
2295
2524
4452
3792
6275
606
1847
7058
3437
2543
3335
7067
940
5666
2319
1416
5071
7179
3119
2087
5439
6662
4690
2336
5256
3427
1999
1305
4984
1713
1557
326
5106
1113
466
3489
154
3105
2586
5126
1520
1244
5563
2757
3952
7422
1318
2311
374
4684
5338
3284
1853
4676
5843
6942
2703
651
4429
1319
1848
3727
6495
3895
5181
6648
7244
6574
2751
7061
929
1173
6289
7445
4081
274
3702
308
6532
6050
1675
5623
5514
6764
504
3572
3329
2281
2817
2204
2492
5739
333
4491
4320
6196
402
4670
978
5341
3484
433
1269
531
1459
5518
7249
2312
1743
2647
7264
5131
6803
7109
353
1957
6608
4460
1388
3691
6413
7337
1452
5212
6278
62
6163
5273
6587
2664
3476
3571
4467
7281
3079
2918
5032
1760
4476
4615
2282
2711
1726
394
6880
6171
4289
6246
4017
2540
536
2912
6852
6176
5835
5614
4301
2812
7303
4618
719
1715
4802
6350
2299
2605
401
2088
7302
6130
1056
2099
2773
3837
4106
1660
3982
6864
315
780
3838
5854
2570
78
534
3519
2936
6932
4653
708
1916
7457
1313
1915
5172
1335
3709
1953
1980
4627
5811
3186
4829
4915
2048
980
1209
524
2160
3834
1596
2607
4804
2481
2853
4425
2726
5798
1299
1121
2029
3142
4919
2518
1411
72
2272
4369
7029
6170
4599
1320
6358
32
3064
6007
7084
356
1167
1344
5981
3471
743
4237
1373
1736
1548
1387
3319
50
7193
6223
5079
7000
1859
5525
7011
4423
443
5034
3363
3522
4775
996
913
3018
4922
1458
885
875
1027
2479
4350
746
261
6096
7435
2323
7394
7163
410
5665
1158
677
2430
5603
5024
4751
7161
5601
478
2662
4761
7424
2591
4833
3410
6879
2844
2686
6844
2147
1624
5914
1849
2742
2962
1858
7099
6465
5902
1298
3348
2056
2847
2178
6904
2737
5718
1261
2446
4658
2480
7019
2516
3677
3390
1560
1212
3016
2505
1197
6277
6921
4645
1162
1021
307
1016
1777
240
1463
7443
4091
1518
563
1040
4643
3573
2488
520
4928
2375
3326
7204
2216
146
3483
2104
2074
6907
6884
5370
5299
6356
1706
6253
674
5213
3418
1214
3820
2499
4541
1664
4717
4871
4781
4694
4293
3629
1075
1108
573
3881
4906
7472
3331
6515
7477
4092
3116
5358
2483
7328
1039
1279
955
6200
4847
2700
1488
139
5112
4931
6048
3851
7442
2024
6280
3760
7266
972
6621
2415
956
6108
3832
4385
6022
4650
1329
3435
5703
6052
339
5097
1839
6320
7263
379
1189
5602
1128
597
7162
4383
6214
938
3937
6193
3114
3398
5101
613
4602
371
7246
7481
988
4162
1711
4072
3811
2075
5912
5698
5536
4324
6191
1757
1198
5495
4709
1384
5261
480
4413
3385
687
1515
3083
5192
4260
1712
6088
1945
2023
6988
7275
2701
583
1295
4058
3425
1435
2425
4057
4221
3279
6968
4183
6963
4000
3543
1080
3821
838
4991
4185
5898
6730
19
5758
3644
1130
898
5553
2398
800
6875
3755
5345
5449
3905
2190
474
6104
7452
6095
4691
7116
2156
4338
3183
4119
3941
4127
2801
6957
4909
6123
3000
6545
4155
6060
2571
6999
5784
2054
2557
5530
6655
1923
6780
2256
2132
1593
4471
4616
6349
7362
6423
1137
6410
6083
6997
1439
5065
7354
5166
3742
5078
319
6264
2512
937
671
2854
2070
4149
5974
6993
594
3473
4174
5829
6510
5481
5145
2467
5815
7166
7150
2112
4006
5541
1069
495
4831
4071
5151
6292
7208
6209
3926
3974
3338
4604
4063
5
1049
6101
2837
6924
1487
1081
2370
5700
2611
5044
348
6056
4724
2043
3255
5783
1217
7149
6373
3321
1450
5022
709
1987
3367
4276
6797
2617
6201
4649
6102
6164
3667
5868
7365
3711
829
6831
1588
4014
2768
5121
3342
3810
5307
5505
6261
4246
3872
1237
1202
4357
6858
749
5544
6463
6970
7474
3048
1896
1406
1478
4386
4908
1196
6705
2148
1190
296
5651
7434
5710
3167
6824
2049
2992
6716
1727
1687
4192
5253
6707
900
2464
3654
6918
4475
5436
6034
7299
806
4318
1919
5378
7107
751
2861
7256
3488
5824
966
6126
1507
6414
7016
2748
4182
6359
4722
1397
3513
1669
1583
6552
6120
2432
722
6946
6211
4115
6319
3912
1533
5643
4897
430
7326
6802
3470
5729
5462
6923
2712
157
5122
4078
3254
5760
698
802
4215
4113
6800
3630
4302
1275
5617
6404
7292
3581
5442
1647
3799
5619
2493
617
3173
7151
5445
5480
4094
2987
5393
349
4757
1985
445
3590
4860
6900
4107
4303
4343
6005
2233
3288
7232
3198
3886
501
1834
2628
2957
4070
3915
2959
1580
6459
2561
1744
5285
3706
2001
6842
5150
6617
3767
101
1426
5401
1729
6512
879
2832
5948
4681
4232
7342
653
6003
7091
5982
4316
1983
2999
51
3407
4876
632
3933
3060
6308
3626
5571
792
2033
1089
6573
1538
1610
6085
4892
3010
4239
3262
6079
6195
1332
2581
916
6739
192
5366
3892
5391
6982
5930
7187
3635
1968
1525
3744
2168
4204
851
2490
5048
1568
4022
817
2503
4238
2225
3521
33
340
325
4245
4760
4569
5484
6386
3404
2365
6054
6887
6819
5236
6605
1352
2014
7040
4917
4940
933
4502
4493
6703
1079
4332
4432
3225
5781
3452
93
7437
5351
6437
5405
238
2538
857
6735
778
807
5229
4883
2144
5554
3524
2618
3140
2366
6175
5562
4295
2022
610
2181
6890
4337
2911
5858
2755
2292
4819
727
7045
2869
5749
5296
4326
482
4394
6685
812
4497
4093
1491
1228
5538
1427
4568
3415
6382
5433
3411
395
2589
3971
4144
2732
6782
3610
2789
48
643
909
6518
4032
843
7169
6737
1524
7007
4065
6805
2625
6835
4264
7097
858
6468
1053
399
6646
868
7059
2849
6338
6626
6940
7478
1179
3197
2484
2248
1570
7253
987
1677
5271
1105
4512
6554
680
4490
5589
3154
5626
3146
2952
5889
331
2100
2389
5282
2423
2108
2820
270
135
1825
5118
1703
169
4696
4325
4543
6637
4456
4752
4869
3428
5015
6561
658
6843
6775
3273
149
943
2828
5683
4007
7296
1606
1338
2931
6740
4384
6663
2596
6631
6643
2825
1047
4367
3701
4168
2240
3966
4949
6212
3809
2175
2811
4464
2815
5179
4737
4947
2932
299
4820
3211
5740
172
1485
1769
526
1035
5776
6220
1438
1920
6346
1933
2212
2035
5007
5844
5371
1648
167
3748
1724
4296
4851
2507
245
805
176
588
7226
142
4794
3222
1692
1569
4900
1869
121
6235
347
3097
5933
4823
2283
4393
6354
2487
2738
4373
745
6542
5155
5014
2622
5866
6442
1443
1975
1050
5248
3997
4158
4773
7371
3139
6479
6850
6862
3109
46
1793
5039
1141
5802
5865
522
7270
4494
717
903
292
2195
5231
5929
6959
4445
3202
4011
1454
5043
465
1124
2045
4505
609
4308
758
5198
301
1433
5239
2612
2555
1690
3128
2848
6837
3607
835
3985
3808
2821
7098
7218
1420
848
6748
1442
5183
2981
6714
3289
1752
1115
1931
6508
4203
5446
196
7278
4771
6229
6863
7177
4327
6094
3636
6187
1168
6761
3362
5901
3170
7486
6192
6759
2895
7206
4201
646
2695
3333
210
5686
3378
7456
656
5927
5684
6076
5421
7199
2404
1126
2527
1555
76
7018
826
7453
7485
2797
5011
1688
6992
7126
2276
1962
2835
4309
2329
4636
999
2648
3575
5241
487
6720
1367
1738
5008
2724
3914
2677
1084
6690
295
152
5910
24
4186
6053
4963
3547
679
161
1015
159
5074
4126
1479
7230
2416
5306
1683
6117
2217
6893
4055
2224
5472
5733
2547
5424
5664
255
3447
4208
3037
3875
1965
2580
5606
6405
6490
4353
1302
156
5999
7252
2386
6919
1551
3536
5165
5206
1182
3490
2305
7038
3051
5422
4562
1088
3780
500
4262
485
2978
3790
4198
2747
4
4206
4028
6653
6616
544
1076
5990
990
6307
3459
278
2898
3501
6998
6687
721
7004
7108
2164
213
1773
2681
5677
4662
7056
7068
4235
1394
5738
4783
2135
3611
5427
3609
1067
3291
1058
435
1844
7118
3040
7333
2709
1897
235
3096
2746
4941
1995
4695
3591
21
811
1709
2138
6501
467
2130
7127
3815
208
6534
1357
7014
5864
2018
6950
5712
713
1516
1723
4734
3954
6203
4992
2013
1806
7334
2587
185
6682
3343
2776
7331
2536
1263
6498
6947
5574
195
4438
2101
1646
5429
6375
5985
107
1641
906
5644
787
4758
6548
3365
1360
1306
6058
5423
3295
867
2291
5259
1032
3025
65
242
1242
4361
5526
3045
99
3652
1291
2740
5657
5408
5828
327
3021
4121
7359
4103
4358
6787
2761
5219
3431
3949
69
2615
4641
6773
6971
2143
7135
4530
3929
5240
5755
2368
640
1964
2189
2301
310
2449
816
2177
6251
2153
7367
6240
1511
3984
5310
1322
711
6047
4575
3074
1506
3718
2202
4453
883
1240
5587
4412
3960
6606
1285
1410
1446
4370
2150
3191
1954
919
5059
4234
5269
5992
2345
5838
5789
1497
6122
7269
3923
1326
1898
4683
4621
6406
6134
2793
2778
5242
5395
4999
5494
6138
4031
6485
304
1708
4830
1509
1408
4046
6105
3576
2284
4281
5086
5140
3649
3014
1270
4100
1796
5218
2568
2956
1625
3041
6395
1996
945
5913
5596
4487
5897
2575
4763
6364
2491
6111
4768
5156
91
4700
31
1389
5124
4036
2238
2249
7095
3878
2535
3757
4891
3058
3269
426
1192
6384
6287
1476
2594
1894
4131
1156
3558
2358
2974
4278
6535
4586
7129
5268
4461
6097
1020
3061
6524
3500
785
3217
6185
527
4692
5133
4363
6509
3679
273
3272
3938
3031
4958
6791
2252
391
6028
965
7315
2068
7321
5967
7268
5311
5996
6657
6345
4193
5607
1789
2772
5991
1542
6334
4442
1343
662
4859
221
939
7324
133
4817
821
548
7153
4008
3264
3517
1474
5907
3093
7182
155
2025
5891
4136
3050
6614
1818
5387
5158
3673
6827
5457
5234
7022
2744
2595
5321
74
6523
2730
862
6396
5615
5743
5566
7307
4280
3196
902
5704
1219
6569
3922
5056
3249
7483
6928
7078
6424
4889
5029
3215
3530
4972
1368
2418
598
5954
4672
1929
4288
1402
6916
4099
5896
7260
381
887
3207
4299
3840
4533
6233
3771
7237
423
1546
1634
436
2344
1287
5483
3734
889
1878
6848
1870
5590
4905
6785
2670
4565
1512
4292
3948
1868
6147
2696
385
6238
3865
566
5936
4735
3716
243
4458
3972
5855
740
7323
4912
5917
5705
7090
3174
6322
3577
6808
6067
3089
764
590
3072
7074
4172
4294
5114
1455
845
3770
3309
4574
5909
2320
3498
7428
6002
3566
6323
6143
1767
3615
2486
3638
3551
3703
2004
7134
3817
7096
529
3579
4435
2102
654
663
3578
1747
1013
7358
4134
2823
4536
989
4169
1303
5597
2330
1605
2458
6110
4637
846
4576
3830
5216
860
6038
6262
206
969
3069
6654
0
7317
4001
4258
1482
81
4882
4756
1626
1466
2133
1253
2934
2687
3663
1005
3340
985
4625
1679
3559
5298
5645
2856
4500
3791
3213
5888
4704
7480
3704
1023
5715
6285
6460
1164
6055
2840
2066
6063
7001
2475
1174
2011
7446
6439
7274
7103
226
345
1398
2652
5123
84
4468
2123
2026
6727
3373
1817
605
6151
3842
6823
5276
6519
4617
1543
5362
421
1492
4732
4592
7223
3399
6556
6
691
5473
5226
183
2656
2298
5058
3243
3320
7393
6156
3722
7174
3883
215
5669
1462
2940
1109
1977
2831
5599
437
4848
4540
7473
6026
7444
179
3351
603
2546
4743
249
5961
641
140
4116
6960
6023
4283
2377
2385
5632
1135
5922
7352
259
6830
1534
1120
6721
3529
3857
1805
839
1501
2619
5017
5062
2428
2787
2010
5918
3856
1549
3413
2453
5098
6736
6553
6248
4266
4777
1565
3720
6660
1495
3402
2528
3194
1111
7440
979
1248
1312
3226
4879
1118
6645
1181
5467
5637
3539
3420
5920
6157
3805
3681
1505
761
3596
5646
271
3848
7285
3232
2883
6873
7079
3585
1152
4477
6407
1441
4340
3668
2152
6355
4329
2633
1293
4546
1642
1599
4838
5432
567
131
4010
6990
6678
1205
2469
431
3135
6747
6985
3741
6624
3860
5747
3230
5837
6570
1097
6752
2598
358
11
6667
343
5642
6581
2756
2059
2127
297
3400
4189
3091
5872
2965
1012
5501
1323
285
5807
3859
2852
124
618
2592
4315
5102
2710
1300
2566
660
5396
586
2723
6877
6064
1684
4812
2977
703
5132
1672
451
463
1974
3283
6152
1095
344
7082
5989
6974
5819
4914
1926
239
77
7085
3053
7332
3172
3434
2
2504
5585
2727
1236
2829
4520
286
622
681
38
2125
1221
2328
1776
5773
552
6529
4707
1857
5076
5647
2002
4044
6000
3160
174
4450
5238
5565
5403
2235
5438
2788
6225
4124
10
2187
2979
6202
4405
6008
4449
3108
2401
6966
7044
7065
40
1165
3728
6665
3350
5049
6938
7458
6426
6702
86
5875
1630
5093
666
1380
6930
5003
6666
5932
6517
633
5717
6633
4841
905
4346
1204
3184
7448
3493
7173
3164
7
1401
5884
5315
7300
1201
2521
1358
1837
2409
770
4744
4666
5082
5706
5672
3364
779
306
3358
4446
5670
5377
5746
6965
7388
3156
6148
187
123
5825
5189
7024
4980
2121
5009
7130
4555
28
3376
2326
3683
7188
3252
7385
4853
5685
4996
2093
3322
302
6006
3043
3129
4793
4742
189
1614
1753
136
4403
1391
36
6503
1473
5464
3901
790
2928
2342
4132
4896
6986
2124
547
4932
5364
577
2638
4813
5373
5690
2151
3671
6417
3395
5732
2226
4921
2798
7298
4572
3931
5693
1792
864
6376
2642
7262
6929
2754
198
503
2508
1480
2427
1710
3
723
4391
584
2489
6628
2129
6219
1938
951
3598
6132
1698
4486
2948
2913
4104
4352
5164
5593
1327
6335
4626
5235
4687
4146
2082
7401
2767
3101
4478
6816
2574
1033
3165
3947
4877
4798
4774
1423
2583
4220
1083
2986
420
1340
3391
7469
7322
2659
5678
907
1903
4806
5392
2254
1230
1175
1888
5498
2346
1728
2218
2818
3655
3608
3209
7312
88
7030
1601
5893
3453
4410
3228
5095
1091
2131
6783
5125
460
5867
6953
4828
6330
7320
825
6769
4620
1611
294
2602
4899
2278
231
621
1676
1865
6647
6784
3120
184
5711
657
1778
4270
1278
3032
6167
3406
6955
362
1618
5349
7413
5136
1499
3240
2539
2064
7351
5120
6159
3887
1799
1850
7467
2593
6317
5376
2641
5230
585
4710
6593
7447
2559
4431
3199
4002
4043
5723
2523
5870
1824
5255
7455
2620
4595
3035
2399
5356
5374
1139
6936
2914
5115
6158
2209
1250
7093
2680
4784
2743
3070
5788
7284
5604
6533
1905
4796
5588
2318
4180
6476
2576
2668
545
363
1973
5863
1003
1046
1586
4441
1297
22
3970
668
5564
3660
830
5414
1665
5726
75
6688
4074
553
5503
298
5069
1104
2864
6119
6514
4573
5785
6418
5780
3568
6388
7395
7327
3801
2933
3562
3951
4913
4485
2990
6788
6526
7239
4222
5635
7479
4377
6694
4532
4553
5283
3227
125
4482
3882
5075
1951
1256
5237
1899
4033
5803
7403
2630
4420
5019
799
3237
1504
4212
2564
3392
7101
5934
697
458
2090
4462
769
475
3357
3057
4173
4034
2665
1231
6618
442
540
1579
2781
3444
4154
3310
7251
6813
5159
5119
648
3294
3778
6723
199
1716
5402
454
6649
986
4601
3479
4880
5796
3747
5845
5656
1074
1680
41
7076
1936
774
1699
2300
2303
1255
3991
2006
3526
2020
992
6268
3737
3020
4118
5812
5810
5386
4884
2985
3409
1838
6066
6013
591
4150
2069
27
2579
3988
3894
3731
5478
321
1932
6378
2616
158
1070
4929
3187
6362
3144
4635
1872
631
5908
3030
1353
5722
5728
5800
4360
1412
7254
5881
3537
1627
2569
15
4305
1739
3528
1392
5827
7389
417
3674
7035
2473
1114
4224
4945
5953
5199
3419
3925
330
355
1254
6596
2502
7415
3011
5139
277
6449
6232
2685
568
2000
59
3379
5157
3729
2790
3542
543
5558
2113
1930
856
2205
7184
6371
6978
4481
1317
6263
2697
365
5174
1874
4589
2994
2635
4005
2899
5447
5655
565
6425
5210
3999
3564
115
4904
1554
3077
138
7207
5417
3664
4347
2996
5528
784
6179
2394
6109
6753
2608
650
2251
2920
1260
4792
6380
4745
4983
2170
2810
1434
5265
2277
6889
6634
4674
5560
4023
4307
3552
3994
958
1038
1913
2392
1801
2466
3466
2234
6559
7080
1062
1123
3758
3824
3138
4609
2378
6496
6224
2264
5428
5697
1529
2834
5149
510
3314
5051
456
266
5016
1037
2242
2383
1584
3328
1761
628
4474
382
5137
7221
2735
7008
607
109
3438
7407
4196
5567
1510
6812
4861
6506
4409
5876
6127
5448
1541
5874
7070
2765
4657
2360
7267
3936
7390
6613
3224
6210
4659
4997
389
5515
1061
952
3302
1982
2109
3439
4501
2019
7314
5799
2915
1693
4554
6855
5878
707
5390
376
6975
5979
4874
3009
3680
3193
7432
4698
3613
409
5779
6145
1879
5513
5340
3002
6231
5459
2989
1251
6390
4951
3880
3078
3631
2718
1337
2804
5469
116
2715
26
3251
712
406
6728
3008
351
6444
971
4311
3190
5304
3847
714
3563
627
1816
2008
2525
2071
6445
4556
1193
481
2733
1257
2294
1608
5833
4815
2762
6092
7369
6865
2096
6472
6412
4268
841
4821
5251
5437
2005
5500
1602
5352
6550
64
3127
1361
3942
7343
3943
3908
5882
318
6337
4388
6774
2007
4395
1348
5385
2880
6567
2158
2396
2122
6934
6822
1595
5052
2515
1171
6433
5851
6680
3271
1607
377
2769
5809
1064
5146
7051
6920
2338
3505
2629
5286
4336
3212
1691
6945
4444
3614
944
7073
4523
3534
3846
4960
6464
4263
4596
7356
6995
18
2658
4632
3583
3372
1484
6272
6178
2717
4250
4521
1107
1044
6128
5288
6513
789
941
6282
6595
5292
1133
2565
3595
2061
288
4855
1496
4801
3472
6452
5092
5831
5692
7462
2468
2306
4090
803
1928
2690
3504
254
2720
7031
4025
5070
4517
4330
2307
2894
7005
303
1383
6313
4518
7155
2766
998
386
3877
6438
3548
6590
914
1590
6851
1183
695
7211
7057
5225
5490
153
7421
2348
5625
880
4249
4231
6809
6447
5320
2542
361
1362
2429
289
1243
6309
5335
6475
6989
2649
3137
1694
3823
2424
6898
3557
6186
5413
7152
5972
5903
3300
5964
2268
854
1619
4669
1296
6555
636
6155
3653
4123
1404
1527
1991
6471
2816
2888
3710
4205
4109
7198
2522
7228
7222
1437
814
3594
35
1552
4075
3969
6389
1653
3457
4272
4310
1378
5184
7380
2782
5453
4096
818
3789
2184
3531
3532
4077
1686
3245
5877
3177
4975
6368
5108
3261
2906
3642
3643
6173
2736
4024
4713
1918
398
197
3523
5279
6162
6484
96
6087
4507
1622
4139
6828
1460
5045
6333
1493
5202
6811
1116
7113
2028
5201
5330
2500
6312
3866
3423
4469
5612
2315
4348
6227
523
4805
3090
6121
3029
2183
4762
6710
4845
6591
2868
229
899
2126
6600
7475
655
1598
1268
4807
1559
2896
1413
3352
1014
3768
5487
3698
3713
1286
4977
4166
4199
1372
2353
3574
7231
1218
2939
1508
3605
5766
7167
4380
6585
6075
3482
5741
3746
1754
350
2632
4463
6250
2405
2814
6044
6632
5801
2729
5128
1011
3389
6441
1884
611
5138
1311
4068
3382
7194
6676
1561
4122
5312
4179
108
3509
1802
6470
4661
6029
3311
511
5662
2442
6627
3708
5154
6980
2562
5675
6051
7072
6905
4038
1024
171
6896
6184
1187
6650
1523
3220
2779
5111
4313
6082
3104
6045
894
4656
4333
4004
4608
1110
7335
5297
5998
6483
4404
6504
5581
1226
5856
4898
6925
7384
5492
2942
5821
5416
3270
664
413
1759
2807
4834
5971
2836
3313
6207
2600
507
5921
7368
5751
530
2352
5848
3006
5730
415
162
71
7114
5324
5919
5745
6949
2309
637
5343
4117
1314
4355
7454
7425
690
4923
7417
7142
2651
1714
1138
4985
2980
1376
1895
3913
7240
2800
3281
2534
3889
5031
5347
132
2255
2950
6018
7087
1232
516
5479
422
2076
1336
2805
4214
6427
4782
7319
5485
3150
616
7318
3650
2137
4561
5771
332
7348
6565
5653
2667
4406
2916
6374
7123
4839
2783
2269
4197
111
6883
5774
3656
3682
4583
3807
164
763
2180
4187
1371
3850
3743
7248
2448
5141
7416
3686
5577
961
3086
6265
397
3464
550
4298
652
5322
1102
4527
6010
3421
4826
7273
5895
6153
4652
5073
1481
753
1988
6582
4640
6729
7471
2229
4927
4612
1961
1809
5466
3201
515
6541
7219
1417
2257
2036
575
5980
1129
3685
6860
2188
1855
5147
3290
5499
7429
290
5300
2052
3689
6531
7081
2407
2889
3219
4039
3953
4778
144
1636
7247
2266
3843
2053
7271
2154
1902
2663
3125
1623
3927
783
7217
4157
3806
4095
6450
6817
1009
444
5598
3588
6786
3661
5609
2237
7023
6365
2094
3124
2758
7037
3450
5211
581
5879
6118
5618
6598
2945
7052
4080
4660
2359
4680
1345
3456
4937
4304
7168
6588
5608
1639
300
7220
3312
5915
2949
6401
5578
5748
2412
954
284
3798
1737
2871
6135
2988
5527
3890
6451
7311
853
4716
2640
5359
471
2839
2361
4772
3056
4736
5943
1098
832
2972
4729
1017
4188
2012
1310
3759
6839
1564
6922
6697
571
4585
1941
5493
5372
4715
200
6888
5313
2111
6430
1786
1004
2722
5638
2721
4389
3065
6601
6020
6393
1651
7238
2339
134
4145
6609
4671
6217
5957
2927
3332
1959
4835
2541
6073
6144
2655
425
3258
3924
3233
1347
3297
438
6271
2526
6436
2047
3068
7026
3854
3919
5814
2091
5037
5716
6398
1374
6218
4705
1007
3299
3181
2485
6732
6684
3672
4933
6568
7195
2145
4265
4962
3719
6189
6708
6116
983
2403
815
372
4738
7330
4297
6987
207
4740
2051
6745
2032
5583
6249
5778
5976
4895
1395
1308
4930
7487
5461
3818
3738
2859
5178
4856
1629
5673
5215
667
2551
5793
120
1065
461
4279
1659
775
3977
6983
3087
6661
2550
1717
3662
4026
5805
5280
6700
328
4163
7397
5185
4067
6870
1346
1765
6635
204
7215
3458
1745
342
1072
1063
6931
7361
1225
4255
3461
329
2867
1585
4765
2314
1576
1359
2796
4946
7017
3506
4989
7106
256
6792
6956
4062
2482
5290
3688
6252
1351
6258
3779
6125
2273
1208
5096
1536
863
3550
5512
5284
6914
6754
7236
2250
3487
3756
4148
490
5744
5308
1238
2194
3455
1852
141
2441
6502
3990
5841
4739
4102
1613
1292
4943
4870
6015
408
3366
1233
217
6025
405
794
6260
3917
5782
1628
6283
489
1475
2846
5400
5894
3762
1002
5113
4480
5886
912
3761
847
1814
5520
4547
4009
1031
6505
5203
5561
5382
4934
7301
6100
5633
4788
1645
5540
5088
4673
869
5301
1836
4041
2879
4137
6686
538
6744
177
5041
3499
5451
3396
2136
4243
1461
7143
6599
5511
3323
4726
3388
3241
2706
4950
5388
3465
68
2241
449
1807
3659
6336
6011
6540
3238
3538
6429
3446
6833
514
6351
5021
4631
98
4211
4918
776
3861
464
7370
6254
6933
2795
7418
2149
4522
2341
1539
5077
5057
2379
1810
447
5249
180
5580
4679
6165
1722
1517
672
3292
2222
5026
1235
3793
5737
3454
2413
6563
3561
4284
1356
4105
6696
1733
7156
5579
1921
2863
4506
5816
3946
831
1944
6796
2968
4539
4408
1025
3179
1911
4499
1890
5667
3180
7154
3278
673
5769
4287
3733
1644
3317
2560
6525
2308
5361
230
957
6281
2544
5127
6086
168
4688
7063
6497
2808
5916
4207
2714
623
3802
5941
2139
6304
7259
493
3869
1449
2285
6683
6456
921
4791
6411
4628
2454
5584
3405
2232
7092
7295
5680
2236
2215
6016
6242
7379
3781
6630
6776
6321
4701
5309
3855
404
2809
4939
6706
5334
997
4537
5906
2304
1851
3145
1649
5734
4368
615
2462
6043
3492
4274
4083
3478
3569
7136
3928
1430
6499
3867
813
866
6622
3036
4844
6794
4544
3448
808
6004
470
3157
1547
1093
5935
1592
137
7002
3826
2886
6421
682
1355
509
525
3277
5787
4334
5682
2034
5572
5517
241
1924
2478
6836
7157
7398
6140
2704
320
6612
3546
6845
4668
6467
918
4852
549
1341
5731
7066
4622
5862
5441
6367
5099
7227
5398
6586
4312
6902
4558
233
6493
5849
2003
911
7133
2387
6751
5001
4335
4827
6391
5846
2842
4693
4639
7329
1949
513
2333
1742
4275
5850
2434
2162
54
4987
3804
4267
993
1877
6314
3022
865
4634
4378
5762
2905
6369
644
2031
1055
2609
1749
5055
2897
1227
2643
2343
7213
3118
335
5221
4519
2802
2530
3841
3714
6032
4619
7203
2332
3986
2917
6691
5302
5030
1199
5232
506
2347
459
6041
6241
3620
23
5005
2495
970
3066
5134
3870
1029
3891
765
3715
1331
4261
322
1440
6228
5363
7069
1106
3647
7255
5786
3467
602
562
2698
6564
3017
7186
2601
1873
2058
6031
79
4379
6583
4020
3429
178
2060
3189
5986
6941
4306
5067
2881
4942
5634
5152
2228
5676
3231
5575
1937
1762
1885
574
4181
2678
4623
1456
7345
768
2830
836
1956
4911
3468
4651
4810
2206
2997
820
904
6166
2461
4534
237
5258
6798
252
2406
3122
7120
1246
6713
3786
128
2258
7410
6154
4867
7172
5880
1609
4339
1970
7235
852
2961
3602
4593
4084
1043
4611
2531
4974
3645
2610
1912
2286
6226
797
1288
4259
4273
5542
3205
5389
4597
440
4822
1215
452
4607
6557
5834
6771
619
1946
2265
3055
601
6829
262
6954
4465
6861
5573
2118
323
3898
1176
6316
1835
781
624
2200
7357
3545
3627
4387
5818
127
7075
3334
5266
2419
4582
3920
2260
3166
2506
2716
113
7276
7265
872
1145
3059
5938
828
6288
6766
4864
688
6332
6093
7032
1952
1170
251
5508
5170
5379
2438
7062
2838
5243
4362
3593
6040
7441
5346
4571
3910
6197
1195
1695
1891
429
2799
5963
7450
2357
1657
1301
5659
6547
895
122
4269
450
626
871
736
546
2699
4060
4414
4733
352
561
6892
3098
5004
2924
129
6183
2925
2885
1553
5532
4375
6403
390
6474
1364
4731
6962
2943
4160
6853
359
5944
1880
1735
4605
537
6937
3902
498
5842
3386
1972
4049
2841
6734
1571
1827
1112
1764
3442
4488
4120
2400
2791
3117
1782
3764
148
6339
1948
861
2572
6943
6681
5627
3769
1963
791
7147
1490
4603
5360
4968
1800
3356
4872
7012
6917
4427
6416
757
3853
441
756
5080
3956
6658
2734
4417
1689
291
3223
967
6247
6973
5993
4979
6243
7461
1674
891
3229
1881
85
5600
3724
6315
236
1998
3844
7355
7482
5190
3106
49
7102
1578
104
2702
6719
6440
6854
3433
5539
1489
7146
1969
247
5836
5630
4455
4248
4286
1180
2794
2777
6036
6049
827
6089
5418
3587
5084
1746
7105
6841
2510
2185
6718
2672
1403
7451
1151
1939
8
7048
2679
5871
4175
560
1917
3967
3336
1432
1154
7402
7308
4816
173
1821
4354
1028
6604
6033
2116
2760
4697
3693
676
4525
2084
6939
5357
5411
1600
5339
5023
3592
595
767
5975
5025
5523
2042
1057
694
1265
1775
1955
5570
112
706
1267
5548
4229
5109
6781
4785
4712
1535
1591
102
7021
276
882
2623
150
4764
1883
6592
3849
1041
798
5331
1940
7209
6912
936
1832
2337
6712
786
6820
4720
228
5129
6103
2167
378
4513
7039
1833
5616
2436
2085
6913
4584
4147
1381
599
7392
476
4971
5648
2556
2280
6927
3384
3234
411
2223
4472
6061
4551
2822
2739
203
287
3584
4944
5468
3026
578
3463
2271
2081
3259
2496
260
2107
387
1750
3876
718
1682
469
4056
3754
3449
17
491
1532
1732
5275
5926
2900
4400
6325
1210
5605
3935
6777
44
6806
3303
2919
2322
7200
762
7229
1290
3777
334
3640
3265
1582
5951
3980
5278
3054
7364
3634
7148
1
2199
4216
7427
4397
4230
2316
2161
5209
6448
1144
2843
6492
6422
4570
1808
3397
1617
5969
7383
984
1071
1465
4849
5107
1272
5454
6133
1804
3975
214
3900
7138
6161
5543
4581
4994
7160
4857
3625
587
1819
5046
268
7433
1893
2159
5336
5176
5725
6489
7197
6779
3959
1976
1307
4981
4924
702
5038
6480
1701
2926
892
4035
7171
1150
4402
720
6078
6597
6377
2334
2115
2882
744
1655
533
337
3940
5289
5177
844
1768
6435
6603
1464
6814
1414
7047
462
924
1581
4955
3903
6397
2239
4366
3013
4371
6150
6168
3697
1022
2371
5103
3669
5641
4538
3004
5576
4037
2395
6594
6878
877
766
3871
925
3992
3797
6113
7430
1431
699
3445
2907
61
6546
4030
1925
6669
2297
6279
5900
1887
375
1820
4217
4837
4390
5958
4392
1830
4364
1153
253
684
6659
4590
4451
4382
1958
6801
6909
3206
2355
2077
1294
3092
4195
3637
5631
414
5295
7131
7015
728
5497
5489
160
968
6198
3111
6961
3740
3765
4902
4200
2694
6415
881
3885
5945
6136
4591
1142
1283
3247
5763
5928
1134
4965
4433
7028
2420
1259
7110
1127
3346
2967
446
737
1721
4610
6538
6072
3766
1854
1882
6273
4430
6639
6311
4741
4159
5272
6536
1658
492
7112
5552
4027
4342
2803
5947
1910
977
439
4803
3012
962
4865
5620
3983
5486
7406
6560
3318
4087
1632
165
2435
7411
4019
346
6901
2954
5217
685
3003
659
6620
6522
6770
910
7216
953
477
2995
5047
7399
589
2582
434
6867
317
3675
5186
6182
3684
950
6213
6886
341
4510
3601
4418
1556
4542
4545
6340
5028
6124
3745
3451
886
2191
2017
2063
976
166
7115
7257
2975
7460
4728
3324
5194
1867
1467
6293
6615
5200
2274
3646
716
896
4514
2976
5873
3921
4524
1422
612
6098
3510
175
1755
6857
6619
1662
3282
4219
2775
4359
6357
2973
5471
1096
1328
7272
923
1678
7196
5727
639
1424
6762
4021
6230
6725
6366
5506
3393
4549
4226
3957
3535
4082
6180
6537
1904
532
2166
6328
4682
1656
4926
726
4648
734
6274
1155
4138
2457
2279
1671
5329
3477
4484
3732
2324
7183
6715
6935
1277
1779
1090
1066
1597
1363
2902
338
2993
3195
5695
4466
5661
6760
1177
5110
5163
2197
5750
556
1604
833
4708
5721
5994
5246
2450
570
6551
6112
1731
3730
6205
1172
6976
5270
4718
3178
4664
7003
6204
5013
3604
4638
4319
4161
1730
3899
1085
5233
6826
483
