3197
823
2170
779
4345
3129
6331
5014
7009
1998
5417
4832
2148
1029
4599
1403
1794
5735
6155
1330
1574
4907
2857
2582
7021
2467
139
1009
432
106
3036
5385
4911
1007
3751
3711
1108
3244
3658
1314
1841
4312
466
4720
3647
2795
4278
4646
3836
970
4056
4694
7382
6709
102
4228
1221
2430
2287
3671
2809
294
2261
2468
3146
397
1147
6692
2466
1493
1183
1606
1731
5705
454
5255
6352
154
1867
4349
1849
1999
6258
6883
140
188
1724
4977
4032
4456
1553
6585
5784
3206
2175
3825
4884
3220
1705
2684
3306
1429
6200
2137
7087
2344
717
6384
1990
6038
6116
7004
4562
6500
1378
2631
985
341
29
6167
6595
5426
1045
6060
6779
27
4910
381
3077
2442
6881
3434
6353
3510
3307
732
6452
6521
3448
1256
5654
4411
5319
5454
869
2655
114
5211
5384
3255
3029
216
5968
5421
2181
1008
6551
7427
6021
4391
6418
4165
6610
6075
2826
7465
5386
2005
6231
6824
7010
21
2896
3913
4080
1620
87
5476
3395
6430
4331
1048
5960
3995
7034
1870
4186
1917
6097
4093
2482
4998
282
3189
1670
3308
6481
1623
4503
3719
4033
7214
3387
3337
5195
2484
6767
2773
385
736
767
4194
2497
7161
7149
7289
1641
5875
281
3159
5498
2356
7313
6132
3912
1687
4672
3405
7137
6119
7390
6702
2379
7291
5204
2644
4309
7459
7270
2750
1373
1903
2017
2027
277
3747
2652
6425
6461
1919
958
2350
4986
3466
3187
5096
2426
6100
3456
224
2707
7182
6346
4342
4322
7202
5389
6745
4164
7474
1211
674
1410
7231
3659
323
405
6553
1537
1737
7374
5902
1140
5307
4167
5722
5137
2558
4991
245
646
2846
3990
5110
3862
1892
6796
3494
5946
2862
4072
929
2475
4134
2607
529
4117
1424
5944
3344
205
552
633
6556
3265
2611
411
7385
1874
6365
2277
2859
5170
6635
6988
1977
61
3882
207
6054
1031
4873
2384
298
7208
1908
2885
5976
1310
3219
5229
5158
5445
6890
1833
2871
6125
2573
297
4133
3624
6498
2232
4724
7411
311
2165
131
161
5029
5842
778
6082
5958
3567
7394
2989
6936
2134
6302
6215
3685
1845
1706
5337
2341
6747
379
134
6271
4089
2703
3625
3925
1311
1590
3857
6693
7008
384
6391
6417
5103
3365
5889
424
5847
7136
7205
7218
591
2084
7097
352
3954
4151
2534
4206
4689
3828
4430
4566
3124
2308
5697
7030
2413
3715
5488
6986
5520
792
6915
6013
5509
3637
675
6077
6460
942
1495
6081
4129
2650
6093
2823
4485
192
4745
4111
923
7145
6222
5717
5810
4323
5264
1341
1840
3818
1165
7345
1610
3839
2754
5737
7058
1174
2601
5838
818
5059
3576
4702
1393
5469
5674
3622
948
1384
4550
5687
2968
4961
1376
3291
1566
6339
2245
5364
2772
1285
2977
2081
4316
4594
250
5227
3868
6749
7013
4224
5736
5134
6022
4063
2355
3573
2490
1563
4001
7125
4727
6016
2687
1749
5702
1649
7367
7246
3822
3366
4458
6601
1863
6105
6515
4529
3621
7296
3833
5723
5447
3015
2622
1322
845
1815
876
4173
1217
1686
3923
2110
4835
5438
1437
1500
3208
3317
780
439
3324
543
1102
371
2163
6256
3629
3586
5980
334
4115
6716
7150
5982
6895
1739
5070
3354
6102
2751
6827
3646
5692
3506
6229
7320
2722
610
3263
7110
6576
4174
879
6762
2252
4442
7101
5893
344
4208
40
3741
5688
957
7341
4395
5317
1076
6755
7170
4545
5656
3163
523
7464
209
1175
6253
6741
7036
685
6336
1106
6012
1371
1700
4601
3145
1080
5593
595
1572
6180
1501
4149
5833
7135
2406
4250
6971
1088
2517
6455
4101
6792
5160
3101
2111
3088
5485
1891
5397
6902
6019
5861
6170
5178
3841
4019
3587
2648
5977
6124
3095
6317
446
6281
5048
1292
3420
3974
4513
4148
5456
5072
6404
3697
2553
5101
2790
4257
709
4984
1813
1554
6162
770
5943
5338
6636
2322
3904
5528
5801
1645
2719
2532
5371
7407
4086
6623
1033
5529
1197
2665
5556
7489
2764
2777
1144
7323
2239
5588
6131
6484
2425
2362
1301
7305
6656
2634
1471
1969
3181
499
1573
408
6655
6715
1677
4218
537
5270
409
4283
310
5844
3037
945
6499
1552
223
2628
7272
5124
4951
4821
6278
124
2402
1822
2947
2867
5324
6123
4217
2835
2911
479
378
4880
2028
4933
5285
1308
6398
3330
6218
2186
4222
3178
3338
7431
6843
1305
6774
5612
3929
93
768
85
6129
5482
1441
4932
5315
372
3474
7317
3382
4427
849
1176
4348
2428
5711
5399
4576
513
7352
1232
1185
1509
742
7226
3806
3423
3116
2737
2748
2798
2533
832
2927
6042
1956
2680
4681
703
1126
5300
5817
506
1325
723
1394
5571
5320
1059
6818
6263
5304
6282
4762
891
2595
3534
3174
3951
1459
4467
2179
3650
5099
2522
3453
3500
7262
4004
4640
4154
5699
4584
5614
6662
6780
6546
5050
1396
6224
2594
5598
6922
2824
5310
5886
5156
4226
3619
3657
4273
4706
6920
2663
2228
2697
5409
1485
3402
1646
145
5114
1755
270
1862
6074
3854
3945
4031
6350
6204
1651
7174
4588
428
2616
2404
704
6885
66
363
5548
5704
7258
1802
1097
2952
437
2702
3726
3277
4315
757
2614
1932
5539
3340
4726
4872
5342
5440
4587
2864
4359
1800
3975
2937
5091
4249
6308
3518
7437
3024
3131
2237
7342
1945
6321
5856
1170
2799
1481
2761
1734
5463
3173
4118
1402
6053
6929
2758
1339
2813
1318
2030
997
860
4864
6114
863
2932
3082
4328
3377
5142
1453
175
1916
5071
5551
206
3141
2789
7448
451
7005
515
7369
5741
5910
2856
2525
4141
4236
5828
1713
3460
7035
3743
6080
3196
848
1492
4313
4779
1307
2674
6392
6208
5080
2255
104
2423
3204
2031
718
3620
2657
2786
2572
6449
2608
3389
5062
5921
1401
3488
6703
6956
258
1487
2865
4737
7014
3264
969
6323
6387
2541
2704
1768
1793
2037
6799
4666
7075
4621
5410
2850
2296
169
1180
4516
4603
5785
3038
7240
3792
2562
6307
3514
4016
1025
2472
3986
5633
6478
3288
4153
7277
1973
3648
6017
5786
5916
1040
6401
729
5260
7358
3472
747
1391
3321
3041
5117
7439
534
3616
4083
4488
4261
120
4438
2564
7434
47
608
5797
6938
3458
4799
4483
531
3234
2298
1189
6625
5415
6899
2944
4639
3566
6522
6829
3660
1875
1523
4259
790
6103
6283
3150
494
2
672
3541
1608
7381
5984
6220
4445
6183
3581
5673
2469
3076
4862
2613
2994
5918
4074
5333
5446
1100
5857
5979
4045
3
3299
599
6275
3478
6673
2332
1354
4282
2224
2837
1561
178
3479
6990
6650
535
5423
374
392
2082
1415
5168
6310
7405
1099
3992
5682
5420
2029
1533
4042
2955
648
2878
3956
536
6584
1320
198
4865
6609
5990
2329
2212
6594
3639
6748
6469
232
684
5252
5188
6157
5020
1435
2120
2538
2033
6821
4945
1751
3911
1634
617
7423
1607
6064
3397
6540
5950
4378
1186
45
4740
6489
152
3805
1428
3846
3139
5994
6830
664
566
6436
1984
5097
3225
4221
5008
4760
6942
1548
1111
88
5600
2160
6087
7353
651
1358
117
5804
4179
1470
1419
3201
3272
3528
7099
7330
6194
6926
7485
4304
3035
630
813
3680
1451
416
1087
6810
4287
3375
5997
6348
1518
5611
2519
1457
1352
5524
6313
5480
3786
5403
423
5240
5894
3601
2632
5221
5299
7482
4085
4631
3128
6188
2206
2047
5579
2688
7281
6620
1456
456
6826
5248
1837
3521
5615
4709
5826
377
1313
5194
5108
2563
6676
3640
4577
5550
4682
6554
5293
5532
6474
1704
2141
5464
383
3363
6604
6707
6360
393
6066
464
4580
3756
1951
4490
1511
6098
5458
4680
6108
1279
7424
3258
3325
5825
111
1333
1079
5638
5173
2827
2172
6369
438
2409
6719
4573
4976
7325
2364
971
953
4765
3638
2527
5237
3371
7401
1250
4518
2916
5677
2808
1209
835
4038
885
4844
6618
4730
32
560
4252
5823
4238
6811
6505
2769
3520
6766
4409
735
2933
6357
2728
99
4082
4477
4620
1280
5716
4493
6589
4132
4786
2787
1844
7044
2185
6839
5607
4565
6393
4443
1787
1522
4039
3553
3183
7104
3419
4806
5228
5967
2936
6912
368
1440
3362
233
1765
4922
2154
3025
6227
954
1104
2966
6340
1568
2854
4578
3044
4011
5821
3399
4192
4768
946
5088
3179
5486
3863
1681
7017
3737
3666
2592
3628
3692
3115
3559
7162
4523
1555
6051
2369
6758
6985
2063
5065
5970
1068
1078
6213
4876
2270
890
6713
1069
4744
7095
5213
5313
2508
6805
7361
2229
2717
1963
5620
5771
762
4049
5031
3441
5481
2383
1680
1738
2059
1817
2070
6443
6651
2983
4244
2970
3062
7347
6047
1696
3212
5109
7472
1240
2872
1902
7276
3907
4875
5788
933
4146
4350
4773
2782
5971
4753
3487
2180
3988
4648
6685
7299
4685
521
2178
4152
6627
4449
5030
6802
2246
1234
6825
1388
1372
1954
5719
1735
3091
481
4423
4279
3516
14
1567
2531
540
3645
5200
5231
5803
2620
7091
501
4376
7093
4782
2629
6285
7377
5800
2506
3123
1632
1399
4615
3917
3755
5129
2306
3312
7397
808
5366
3908
3840
7422
469
3820
7324
4248
1467
246
2612
7195
3003
2293
6581
2843
3686
2066
420
2630
6007
898
2897
1922
2736
4964
7176
1812
1789
6803
3158
1884
5362
6351
1582
797
2444
1769
1138
366
5259
5003
15
463
6537
338
1043
4725
5016
3545
3651
6851
3205
5567
6771
1964
6925
6722
6168
1763
413
4901
116
973
266
2642
2483
5585
3172
1203
5876
2097
3848
1960
761
380
4435
3097
6257
5746
1514
4104
7263
1692
6226
1290
3084
3728
1258
2645
6426
1584
1444
7487
947
5809
2670
141
974
4457
2590
967
4301
5148
2098
2588
3184
6943
4015
4557
6815
4428
1636
3888
3721
6219
5185
1323
4554
6964
6776
2690
5472
6982
1066
3200
4983
3817
2420
1260
2550
225
2343
6691
6374
6897
55
1321
2038
4159
4123
2125
50
6680
4852
5001
1745
4647
1673
6121
3564
293
3054
1092
4251
4335
2018
4703
782
1982
4188
3875
5502
3740
2331
572
1527
3341
4808
6091
2511
6333
3080
2096
2714
6586
7380
1168
5057
6048
2926
944
6560
355
5181
5518
6721
592
5218
3498
3069
6008
3746
6403
2811
2844
2010
3710
2972
3801
6309
7077
5733
5508
7244
3188
1747
2477
3148
5377
5083
1389
4514
7284
5749
1229
3935
2203
3955
5858
593
1717
5495
5836
899
2080
4489
852
968
5721
2407
7364
3335
3914
4260
3730
4263
1235
5690
2894
3691
5542
558
5261
4003
5594
261
3824
5562
1614
5837
472
365
3285
7081
5799
1839
4938
6464
493
6634
4879
1777
5501
650
733
4353
3610
16
6859
399
6646
6011
92
4219
4521
4014
4927
3582
7194
764
6043
1580
2131
3585
897
5086
4051
6847
5265
4121
6306
4547
1115
1145
4256
4857
3490
6410
551
1055
4412
444
4586
5590
6933
2127
4859
669
6395
5459
6133
5616
3661
2891
3319
5076
1296
5143
4771
1503
3941
2071
6757
213
1254
4994
2040
6661
5988
5023
6667
273
4010
4571
2155
4499
1728
926
6804
2004
6566
3717
3901
6018
1708
1816
3249
2499
2313
2974
4065
4929
5493
4354
1975
1349
6373
1741
2917
247
5789
3922
4307
5225
336
2547
1558
2618
690
5241
3816
6034
7476
3982
4735
4795
1242
6809
5197
6612
627
4502
7249
132
1191
6928
5387
6874
665
1534
2626
4367
986
5533
6876
1953
653
5603
6712
4546
3481
7384
3432
5549
3064
559
798
2516
166
5274
2587
6485
6435
6445
1411
237
2335
3892
7343
580
2291
2851
5854
2352
5601
6001
1220
1962
4314
6898
484
3549
4137
6871
1150
6701
500
4029
5187
6284
4528
2130
3943
5406
3385
6532
2092
4723
6244
6580
1774
6454
5683
457
3598
3055
1712
7119
1854
1965
1679
3241
1293
2900
7227
880
2744
1949
3940
5283
4847
6892
3283
6918
4515
5249
4271
4592
3560
3303
1264
189
4371
3058
4094
1852
4925
2320
168
306
6211
865
1644
4889
605
1085
2171
1850
5202
5527
5651
3771
2755
6699
1657
2371
1408
3810
7318
4098
906
2745
2785
6379
2746
1753
483
4107
6495
596
5678
6122
1154
643
6931
2114
5824
5639
1210
4982
588
1605
6059
1992
7018
6753
2543
6619
4210
5773
6947
7069
3798
2152
3788
1983
3499
4556
4234
113
7306
143
3067
5258
3290
7102
1245
84
68
5383
3349
1593
571
5311
6139
3237
407
5890
7334
6432
5425
6299
4366
4854
1576
3636
4952
1205
354
5827
2494
4225
2358
3505
1959
5686
1332
4021
6312
4617
133
791
799
7261
4209
3634
996
6660
7413
3256
4582
1893
3238
2806
1865
3654
2233
2668
3735
4452
2142
4667
5018
4169
403
4106
7350
2279
882
6984
2779
6338
3322
5179
5526
1409
6789
4520
2067
6468
3948
1483
67
2440
4856
3689
5045
6568
6264
107
1259
4431
5963
4960
238
1148
5212
4748
4674
3957
2682
1390
1400
1944
4848
4947
4749
3391
2821
5230
2888
3606
7415
2783
7435
6998
5192
786
2604
4002
350
5453
2342
2706
5632
578
2627
707
5901
2734
6477
4383
6467
4926
5162
163
3134
1135
307
3574
827
6917
4009
4482
6423
2316
3996
5152
4058
7020
1071
4591
3556
110
2672
1300
5335
136
4813
248
1072
359
5604
4230
7408
100
2276
603
3191
737
7470
5791
3782
3700
2556
3871
7181
5668
5764
1195
7086
254
621
6187
5234
2574
2434
705
6409
6239
7355
4116
956
6828
5623
4333
7203
708
3942
5563
4676
4805
7332
167
6349
3837
7243
5862
3699
2216
2743
2199
2368
6472
7223
155
20
4008
2583
4197
418
6930
320
3959
7183
2129
5346
892
6237
1152
6536
1779
4638
3300
5939
4429
4698
2548
1261
538
6772
6778
3932
3229
3879
1142
2336
2762
98
6225
5778
626
1656
1497
2295
194
6547
2489
7098
1579
6083
70
5105
3733
6094
6355
6740
4829
619
2132
4182
4343
4756
1691
3763
2367
4470
3217
3034
3918
5084
6439
3409
2150
526
3536
5361
6457
6502
3877
6531
6459
4653
6684
2397
3867
5370
6296
4714
5492
5106
7159
1569
2260
1054
6889
3295
1754
1395
4163
995
3961
4126
3369
843
3177
6512
3046
3092
4036
1277
754
4741
3993
5952
2907
4026
4087
1347
3664
1767
4060
3695
3328
3764
1196
642
2999
11
5433
1939
2025
5489
6906
2465
7241
7007
6696
3257
7389
4012
5012
5452
2792
4914
4671
3855
5805
1547
4362
2488
2681
5728
7264
305
702
6112
1011
6055
2995
3760
660
774
2162
4746
5102
2094
4916
1343
1337
2557
6624
2314
618
1790
1968
3137
3281
3613
6325
3368
4292
6171
6593
6104
3967
5608
5983
5019
4096
3874
4357
7065
2959
6279
6806
6596
3731
4468
6291
4067
5500
6797
7147
1151
5622
6399
5701
1972
7301
4243
3388
3278
2373
6760
3085
5089
415
3591
3531
3446
1161
3459
309
6710
3745
6076
3808
7173
2928
3042
7433
5884
1997
4816
2986
5040
2300
3984
4939
5296
6289
2763
5125
1616
2723
4658
6960
7463
4258
4071
3135
1096
7269
5140
7115
4245
3532
938
2399
6590
1866
7327
6386
2513
5407
825
7158
751
6320
2969
6617
144
1098
4618
5930
4798
6367
2299
7436
4295
7445
387
730
4895
988
7387
1581
4077
4628
1832
6198
7400
3455
3749
4719
884
5036
5540
3008
749
7213
4560
2436
6046
4401
2662
4388
6020
3235
7164
6314
3233
2641
5466
2691
4803
2351
6407
4190
1928
1116
2796
6733
5896
6101
3997
5288
3192
6496
2222
2602
3452
3927
4500
6750
1263
5759
3381
5768
3802
4634
5393
862
2333
4466
2669
4113
2471
2536
5343
4351
7111
5583
2898
587
2400
6544
6866
6141
955
402
4906
4407
4254
2452
1559
1940
3773
5954
556
6381
4902
74
4918
5955
3976
3012
1361
2267
6559
128
3360
5182
4800
2831
6027
5024
4420
5560
820
4044
312
4052
7308
7088
153
1876
6626
4990
2593
1479
3767
7200
5646
496
6657
5063
1525
3401
7066
1613
7207
2555
5136
49
5392
3952
2829
7193
6149
2738
94
5287
2479
3140
3769
2960
6358
1836
5297
6184
5975
4610
2326
5151
109
2724
4589
3470
5155
6781
1642
3670
1609
1748
5906
3931
6863
2118
244
6868
4480
1204
6117
7050
509
5032
6545
2256
2759
179
1906
7428
639
1287
5657
3909
4201
3597
7215
616
803
2988
6274
1447
5090
4931
2274
470
857
5326
1520
3061
4701
3790
1181
2505
6670
964
613
6886
2858
1366
3970
4892
5390
511
2412
7055
795
7163
5250
4239
2474
2812
6563
6151
1486
5341
7060
455
3339
5859
5753
4000
6145
7398
3370
5166
1236
4288
2647
6363
902
1702
622
6968
3418
478
6150
5398
687
5675
576
1021
2890
7166
5282
2884
6327
5708
2961
4474
6422
4336
3356
5435
1924
1014
1192
1786
6887
1978
3483
2392
7092
4211
5066
2882
3346
4897
922
7031
6216
4700
5174
5157
940
3221
4941
5605
3251
2349
809
4860
1061
1974
5028
1432
1835
5169
1006
7478
56
3979
4214
5652
4792
3350
3596
1628
3919
4114
406
3066
1370
4189
4142
4747
5348
6814
2133
5631
3538
2766
197
5512
2539
532
1036
6510
3511
3195
2324
315
4736
3136
6419
7139
6267
2024
6424
2784
1295
335
4127
4742
4444
3827
1262
1695
3895
6526
3593
2565
6763
6109
260
4793
4541
4559
2485
1026
6991
3373
5356
5667
3850
1667
4393
4382
3156
3190
7357
4422
3713
5402
1281
7316
3826
7072
7156
5223
1462
218
5706
5073
2057
1187
137
2334
3937
5769
5075
5159
4893
5629
6201
539
4536
4487
263
2501
4403
1905
5820
5058
5009
4527
745
7471
775
1923
221
1228
5289
7016
925
1074
4969
3447
1412
317
5210
2177
4440
3117
6228
3215
2064
2530
4265
4622
1860
5992
4784
1843
1463
4874
3438
1423
2198
5172
7120
2822
2374
4635
6765
4957
2417
3284
1050
5659
3060
6214
3407
4387
2446
6875
3896
2775
3383
1239
353
3393
6192
5119
4290
5139
2197
1324
1448
1752
7067
1703
701
3768
6756
2095
5625
7003
871
400
6158
7344
6266
5277
3107
7089
3989
5794
6035
2967
5883
2567
4663
6301
3540
3916
7199
1340
5739
2380
2839
6728
6509
427
2207
79
3777
491
2365
6730
5912
1583
1070
6345
2554
3098
1788
4662
2686
2138
1450
5815
1238
4207
6127
783
2876
3623
7228
3592
671
999
611
276
4664
1458
340
6870
6570
127
7399
2908
4524
5396
5412
3030
6411
2569
462
1890
1921
5757
60
7073
4707
430
7085
5658
5087
2545
6819
3542
3072
6181
2414
3310
1427
3216
6695
4199
5207
833
2909
7027
2042
3656
3618
5726
5742
1360
5792
3885
2805
4909
812
6543
5411
1159
4535
4817
5547
7025
7274
1073
5
1355
4767
1433
1720
364
229
7375
3696
2431
4691
4758
1652
5767
6631
5007
3231
6442
5516
3539
2418
7028
328
3800
3161
1750
2880
6694
1855
3182
5756
410
4625
6166
1772
2705
4195
4147
6751
5232
1105
3094
482
2922
6056
4437
1141
2943
4172
2913
2814
3435
4341
448
766
5978
7335
2931
6737
1171
5294
1112
3396
2599
6996
4908
1658
4609
433
2153
7189
53
3501
1797
449
1231
6671
4790
3071
5205
1872
7446
7451
5665
1461
3928
5679
6952
6471
3561
582
4270
1460
4305
4337
1024
5863
7074
2327
6232
4286
1312
4281
422
1732
2963
262
4364
2848
1446
550
724
3119
2275
785
324
6178
1172
3059
2303
7442
4669
1889
7404
7142
4380
4200
3552
5450
6368
6700
3180
7362
2182
5927
6197
4220
5196
4824
5441
2112
30
6276
5323
6520
3972
6142
3843
4956
5822
278
2720
4567
4215
4776
4402
1635
867
6688
86
4920
2679
2348
5974
5400
4057
4054
697
2241
5115
2357
887
6069
1003
2218
7037
6110
486
4296
855
6880
4340
7280
663
1422
4158
5693
2050
6708
6649
2116
2372
3260
5222
1624
5344
2166
991
6086
2240
4928
784
2800
7080
3105
504
6834
1601
22
3485
1252
4191
6002
468
1564
6071
2718
6548
5054
5515
1991
2948
6372
173
7148
5752
4732
667
6723
1819
1243
713
7057
401
1356
6770
838
2432
138
3009
2339
6519
1207
3873
1637
1639
4987
3716
5565
7130
4451
3876
3143
44
6479
1546
4465
6298
6669
7329
744
170
5006
4242
295
4450
2416
5783
800
5191
1139
6057
4569
3157
4495
6169
3676
3193
2128
2157
5292
80
4673
829
1550
5256
5171
3702
6480
3915
6817
6482
4583
6195
2041
6644
4605
7235
1067
7132
4432
4497
5554
6196
549
4140
7106
288
5056
5891
5850
686
2438
3451
2328
6615
4834
150
4950
1575
2191
6976
5602
5991
5812
7022
6720
5381
6787
4840
3083
6163
7082
3327
5972
3938
4241
2068
3555
6135
1465
2980
7048
5100
4347
5503
1365
1570
1604
2673
6324
459
3963
46
5740
322
2340
4729
5214
562
4788
1506
4797
3557
4972
1350
2591
1413
4823
5945
5473
1342
3823
5655
5430
3994
4611
6704
9
477
4041
1094
3964
6099
2035
6240
7253
1213
2918
6095
1669
873
2439
1529
4268
5254
6935
3011
6641
7178
3667
725
6882
2145
4097
3336
2646
3600
2147
2549
6434
2292
4711
1065
5002
5650
7225
2289
2993
7043
598
4665
807
3298
2958
4
7212
3296
7319
1379
6316
1622
888
3304
3977
7029
5455
6234
1809
1775
1909
4822
3859
2046
3530
5053
994
4755
2309
2271
4882
5745
4346
3209
7090
1694
1345
2269
3835
5184
2058
2006
6904
5021
1163
514
3682
1364
5475
6137
6092
5628
2051
4300
3121
3878
2939
300
6144
3533
7420
6598
1952
4320
6375
7024
4180
6458
1961
6783
1438
7122
3602
3866
7288
3635
4105
5572
7113
6816
1193
3842
3033
6111
5010
4338
3130
5870
5613
4055
4717
850
4325
1723
319
533
6788
96
2810
3057
3962
7372
5163
1455
3454
1224
583
28
637
1711
5888
5519
6236
631
856
2914
2982
6385
6388
6297
6752
1979
4915
1873
4644
5116
4651
3280
126
7129
6440
3301
3512
7224
5312
4828
5093
434
6577
441
2904
1512
916
6300
5112
1671
4688
3392
6206
1303
6643
1266
3933
2268
2196
7450
1436
4034
2272
425
3007
5262
5523
5448
1132
4476
5840
4853
5871
5145
965
5437
4212
5391
41
6987
2124
4162
1273
6706
815
602
1315
2451
4193
6858
7146
772
3457
2950
2741
243
6254
3147
3361
7475
4372
7449
4073
4826
5025
2354
4076
2666
2640
7167
2065
1760
7328
180
5956
577
2411
5267
7168
4887
6734
1883
4317
810
6245
5841
2161
6354
485
6490
3865
6860
4846
3437
1798
6953
5872
129
4091
6867
4978
4885
4602
6517
1631
4461
3742
5247
3154
5357
3309
3210
6294
2664
5887
6855
4119
7419
1317
4139
4424
4418
2231
1655
4815
5271
1877
3100
6138
5635
2385
6820
7103
3127
461
4397
4156
632
4868
6037
6944
4231
2123
7430
998
4830
2443
5729
5379
2507
4177
5233
7131
4967
2975
3051
5798
2257
5144
6686
5506
6683
1857
3707
3019
236
4329
3812
3489
5897
5497
7105
5951
2910
5814
628
6913
34
357
4936
5957
5680
4619
3870
4319
7039
5461
896
2230
3930
1898
2284
6006
6448
4810
604
4812
7349
553
3627
388
6795
4160
386
1882
584
6975
4352
2740
1907
4761
6165
303
3367
654
7165
4552
3804
6940
3973
6270
2992
4448
4070
5467
5941
959
1405
3811
2807
6927
2716
6290
4053
3118
3739
3890
830
1335
2101
4801
6189
6252
2044
721
601
1128
1918
6879
191
1591
1847
6406
5569
2015
881
3579
97
4064
5521
6645
7454
1806
3762
3722
1596
1386
2001
3106
5203
6322
4943
2249
681
4759
4881
5301
2470
6974
3987
3832
2997
5149
7234
5401
1544
6487
5819
5962
895
4396
6233
4564
2375
1015
395
2491
1348
3899
4733
3725
3031
6451
3497
5126
4670
5973
6029
3537
3271
5793
6118
208
5691
2424
6288
5873
7283
2765
1122
1740
894
673
5851
376
158
4770
4538
2849
2802
5253
204
794
1081
5095
1986
5998
52
3353
5043
3814
2756
7443
5251
3701
1682
6966
2014
3355
475
924
1663
313
7053
941
7001
214
3803
5754
4472
2855
1654
919
1943
3048
5681
2883
981
17
6413
176
1482
1730
3318
2708
6199
6191
4612
3653
3847
268
7286
4227
5321
5281
1539
4339
5360
3551
2013
2387
4213
6675
546
4433
474
4037
2394
2552
6221
5490
5242
7376
5414
3120
3881
2285
2661
4061
3152
2395
804
2312
3240
5940
220
89
4585
3575
6361
7083
2074
921
1650
1689
13
5644
1469
7154
1091
573
6605
6724
1535
1297
542
5747
3891
436
6508
629
6963
6849
7456
5915
3612
1885
3508
51
4796
7133
4544
1824
507
1035
6969
4363
3999
4778
6378
5483
904
6731
2860
1831
3831
7266
4128
6934
1272
212
4966
5829
6961
6622
5932
3594
5246
101
18
4018
1985
1215
984
2643
4013
4655
6856
961
5022
4913
3799
5216
2561
6380
1744
1466
200
7311
861
1600
3313
6503
2920
6945
7409
1895
63
1198
2768
811
1517
6654
5068
1346
6630
5183
5597
837
6729
7267
4652
3690
1603
3546
3761
7187
3102
4614
1286
7396
5374
677
6549
2638
7192
1288
2463
4787
3026
346
2832
7340
5220
4441
3227
6235
4838
5831
2318
2140
2210
2223
4264
6420
2899
5067
4181
565
3359
4772
1156
5424
4704
6491
3126
1562
3164
5919
6153
1589
1633
5487
5026
680
2259
2776
4883
2381
7049
6845
1810
4446
6304
1996
6637
5286
3524
990
6606
7460
1588
3247
5121
3554
2711
171
4092
7338
3482
2054
4959
1666
853
2915
4836
5689
3114
3750
7403
3662
826
2011
26
412
6739
586
6143
1598
2879
2524
3853
2278
4995
2280
4246
112
3509
5964
6251
443
7282
5766
4827
1545
5938
3605
1530
5545
6344
6564
373
1062
240
3426
1955
3732
7247
2192
452
5269
2266
1653
4980
3198
2729
7259
6574
1499
5564
1994
3838
7356
417
4692
7000
6347
4802
7054
5996
5965
6238
382
5698
5855
5416
1027
2419
661
5961
3809
48
6456
6901
640
5743
1299
4198
4693
4558
5531
7298
3074
1060
4660
6303
3111
3718
3703
6330
3086
4066
6134
4272
1316
7300
2935
5177
5720
676
4069
5000
1914
4275
4079
3079
907
6603
7032
3614
2660
6230
4048
3550
4713
3236
1758
2603
1017
1727
5175
370
1114
202
6335
1538
3563
1476
3087
7457
3757
5243
5724
937
234
492
4763
3644
567
3821
3065
3400
2971
5948
3795
1664
1480
1153
6506
1265
6106
6010
2396
2258
7386
5316
5763
1117
4344
1807
1103
615
2286
1269
2774
4223
3694
3018
6243
6416
1032
1675
7333
5866
4645
2220
2215
1028
7042
6429
2086
5268
4637
4686
555
1827
2581
1818
2495
6888
6666
5369
4975
612
7191
4068
659
528
3268
5347
4176
3665
1166
5037
3144
4809
4196
5903
2119
4678
710
3491
5640
700
5618
5219
1431
3599
426
4175
256
4108
3856
2188
342
3706
4924
162
1617
2675
7488
7383
2502
6835
2757
6639
548
332
6861
6383
1284
3724
2093
503
6932
2020
3924
2957
5627
3222
3090
3781
4204
4979
4355
4415
1226
147
7061
7275
3093
874
2263
2794
5671
6924
1421
1164
5993
4636
5394
5589
3758
2200
3583
864
1851
1363
4783
4789
6415
3202
4973
2951
1270
1327
5849
6864
2009
918
7127
1
2305
3259
1289
1536
7429
62
3022
2676
1929
6754
3267
5113
4436
1701
2211
2699
4851
2598
2105
5431
1381
505
5899
1638
5576
5328
6287
6015
2636
4731
7094
6530
2991
6433
5634
3704
3047
6070
1046
1721
3779
2184
1283
854
979
7177
910
1130
356
4289
5123
1709
6946
1981
2455
4696
5877
510
2791
7023
369
7070
4233
1912
4831
3408
858
6822
3068
3450
6115
2386
6475
893
6402
4144
2866
3345
4505
2244
2315
7064
2164
2061
7124
5477
274
2658
5676
817
900
1454
5985
1089
2415
6249
5375
1661
6679
458
943
7123
6305
6909
787
872
6265
2996
5761
5913
3275
367
746
2158
5352
5199
1246
5413
5239
1699
4155
121
5017
6497
4533
6494
83
5904
2012
607
316
1387
1690
6633
2073
4511
1781
1829
3043
2297
1792
3687
5378
1618
6784
6689
2998
2032
662
693
5969
6000
3199
2102
2816
4992
5154
1778
3254
3410
1927
6359
5909
3980
271
1726
3675
3527
4743
6202
4642
3894
1155
358
5340
5758
1057
3175
6003
343
6272
7114
6539
7309
6058
7221
4934
950
1012
1578
927
682
421
82
6983
3027
2978
31
156
6207
6450
3787
5648
2007
7336
6514
7395
4968
5439
6865
1082
4659
2056
3849
6962
1848
696
3729
4473
4574
6552
3971
2345
5664
3167
3323
2103
3311
4629
3422
5380
6174
2715
6063
6261
5818
186
1488
6894
7109
4381
6179
5647
2359
148
251
2874
2820
6775
5345
1406
1743
3796
6869
3230
339
4654
3032
4837
3495
4240
4006
1930
4899
2889
6428
2173
272
7295
4581
935
4981
3734
3844
7107
3998
2551
4540
6561
4088
5198
1212
4517
4102
3609
7273
960
4062
1030
2528
6421
4471
5522
5094
6629
7169
7152
2193
7257
6653
6862
6412
563
5238
7011
1933
4999
296
5474
7186
1426
5559
5325
4570
6664
164
2139
1368
851
2870
7180
1587
6705
2693
7406
6648
5641
4624
1131
2253
524
2863
1710
4849
3412
4699
7059
5931
3949
6462
7002
6659
6068
1136
3315
2671
5460
4125
1178
71
7378
5536
6005
634
3547
1803
4891
1594
119
190
5470
231
2273
2753
2797
7033
1858
1971
5339
6507
962
7469
3515
6573
3712
5882
6873
5653
2039
819
6067
903
230
264
4940
4504
5591
557
5816
4549
4501
1002
3261
2441
5033
1244
3522
1621
6793
793
105
3436
5350
5880
3684
5808
2781
6126
265
1275
3884
3424
3480
4534
4293
6571
6597
758
2804
6726
2454
2053
4356
7151
2953
6400
847
1294
3415
4267
727
2514
5284
7238
5044
6382
2447
1000
2938
741
6665
6036
75
1118
4525
279
199
7019
5917
2830
2221
6744
4408
2002
4025
5511
4303
6950
5995
2069
286
4971
4280
1993
1464
1041
4486
6948
6877
283
1351
2700
6628
1047
1219
4308
4811
579
2055
4866
3253
2338
2076
975
5064
4710
5208
3953
38
3245
4299
275
6394
1542
1557
2892
5479
2290
2117
5130
1125
450
6185
1190
6583
4863
760
3906
2353
1970
4958
3852
1051
6663
6277
2735
431
6591
834
3535
5660
7365
7250
5561
3326
7153
2204
5573
1005
2526
7388
2195
2262
2301
4120
5132
5928
4205
3577
6328
7155
2456
1124
3492
683
4989
7197
712
226
3861
2610
69
4752
2964
1123
1729
4850
1698
227
3149
1791
5244
5354
4595
2091
6642
5471
4138
1957
3417
6175
4040
575
5552
3021
3314
497
292
7038
326
2281
4575
7278
2034
6136
4291
5544
4871
878
6616
6735
4469
641
1474
4598
4888
6525
4462
7248
3570
7096
765
2108
7416
6534
5011
6555
280
3578
3813
6026
5986
6732
1362
5666
2868
1251
2391
6516
5302
2247
5298
554
4935
3228
333
81
160
3348
108
614
1820
2283
1811
4769
6332
1101
1595
5645
2090
6836
6575
706
4563
1719
6965
5372
3442
1110
2234
5457
174
2771
1821
870
4804
1083
2330
5806
6217
1805
2727
7417
6176
2435
3132
4820
4774
6535
2043
7307
6262
5846
3834
6833
1137
7233
495
4124
2450
3775
3978
6759
1540
581
5541
4900
398
6572
2421
3246
4379
7052
5332
1107
5491
5637
1685
1799
7484
2852
7175
2363
3103
6501
6286
3293
4262
1206
7391
2060
3374
1532
4023
5892
3320
2088
255
2925
1344
7480
2144
1158
5432
4050
728
522
2749
5750
4930
4963
5953
1133
4697
5718
1626
2566
2731
3462
1715
3250
1693
752
7047
2873
3294
2730
3778
2742
5314
6045
3595
7421
6981
4695
5878
2956
4377
5077
1298
5517
1146
8
2853
3384
625
375
7363
1407
6896
1052
6377
5617
5049
5135
738
3004
489
5465
1958
3543
7293
6241
3170
2360
4970
4075
5926
2788
2209
1707
3428
7198
361
5236
5428
1477
5596
3688
1202
1925
210
6268
7368
4833
3262
2976
5266
6366
7321
3342
1541
3390
6161
7062
6260
753
7425
7256
5911
123
3903
4845
6159
4028
1169
4807
3493
1420
7294
6992
2143
4095
2842
1825
4721
6786
6470
3110
2048
1157
6250
1888
796
4650
2887
6072
5013
5484
4384
1586
2189
7354
5165
2072
2156
5760
5643
1013
6602
2586
3893
3889
5082
4953
3379
1510
6999
4590
1736
5922
7360
2201
2075
589
2712
2183
3473
5765
1942
5727
5714
7076
2942
1039
6212
3880
4904
3186
4739
7302
1648
5581
1149
1018
447
805
859
5713
3028
6714
4656
2946
2905
2895
5128
2695
3049
4944
5868
5514
5869
909
2923
4728
7331
2654
1353
2793
7268
1304
7254
2924
2713
656
2985
95
7222
5098
5566
4757
5543
3776
3507
414
4447
5790
3830
3673
502
1173
4596
5999
3723
6538
3886
980
1814
3194
2085
1722
6527
5885
480
2159
1513
4593
3160
3631
5845
2609
6640
3440
4794
4715
6567
3162
4168
2265
3503
2307
949
7026
3791
5553
6441
5574
3783
2639
1237
1966
7252
5734
3869
4597
678
6334
6941
2377
2126
6128
1490
3316
3958
740
7412
1615
396
3413
1491
3765
2906
6773
1672
7402
4775
3075
2973
6837
4130
6193
5111
2317
585
7453
2981
1612
3398
5290
3358
1505
2840
6769
2596
2921
866
4496
7315
2903
7393
5942
694
5388
4877
7260
5606
508
4090
689
561
5131
4858
1565
3829
846
875
6638
3727
6853
7486
58
3040
3502
1859
3905
25
4542
5404
4358
24
4478
3248
3104
103
3351
182
6725
6362
4690
1531
5811
2464
6794
4780
6524
4332
2176
5322
7477
4843
2752
2659
1439
4365
6172
3108
5499
5621
2685
1502
488
7452
389
5795
4553
5034
2623
4668
5365
6658
1223
2692
5478
1784
1120
6032
5367
4657
1328
2422
7079
4766
3125
6408
5776
36
3214
5295
699
4386
3617
1090
6614
4649
1647
1887
4600
1676
2560
6065
4623
3469
3096
2405
7236
4109
6280
2819
7366
453
4579
6905
6061
7255
6785
1044
4537
2930
6205
4750
1896
1241
5176
302
2838
5649
620
2486
4229
2219
6209
2000
4078
2589
1516
1188
3020
3165
3649
4996
146
6558
5273
2243
142
3207
1434
6768
5848
7084
1127
7196
7118
1056
6242
5278
2019
5209
2625
5504
2568
4722
952
329
1331
6223
7271
2584
6569
6807
5782
7444
6152
3112
3289
1830
1357
2242
963
2227
5558
1773
6831
253
1619
3226
4024
3981
3872
2109
3242
5395
6891
1291
1725
7455
2459
1987
118
287
4532
6955
7351
6588
7251
2653
2877
404
6980
337
7112
5363
5626
4509
2845
5947
5004
2107
6979
6736
4460
6764
3807
348
2683
1452
6910
726
7140
6147
3683
5069
6916
201
1472
3404
6951
4869
2912
1095
2941
4330
886
4284
6186
1319
6791
4398
347
7012
3754
4705
4269
756
1038
331
73
1878
1716
6608
57
2615
5834
6370
2726
7117
1662
193
3611
5865
4555
6878
4855
6852
6907
7
6079
4510
877
3584
1560
1801
781
3445
939
2535
3630
5843
2571
541
3766
4369
3013
4870
1143
157
3590
3001
2408
4531
23
2949
4266
3352
5042
5535
5696
5513
4954
5279
7304
2619
1823
6742
3780
3429
3006
6607
3475
7458
1225
3380
5005
3517
3266
1834
257
4464
6557
568
211
3010
4993
5787
7467
4426
1214
841
4157
2398
2325
6949
4878
3985
2122
739
6914
4839
711
3565
2503
4390
3357
6009
4143
3562
3169
748
6972
5280
2496
6970
2990
5867
6337
2512
5987
2104
624
3416
2388
1442
3991
321
1075
3171
1856
668
2649
7392
6
5245
5570
3558
5781
1063
5774
7078
5015
1004
569
647
1776
2493
2078
3461
3966
1129
5580
714
2965
2770
1551
5167
37
5122
5079
241
4005
3752
5662
1950
7438
301
419
394
203
5085
6884
1780
5587
5510
2382
1248
4327
6326
5055
5505
3213
122
4708
6343
930
6919
2052
345
5584
3372
657
976
195
5779
3394
4400
1785
1783
7211
3672
2079
1515
1233
5038
2190
1383
465
2540
6846
4616
3073
4334
5925
1309
5331
6513
177
3641
4178
6621
3652
7303
4463
2282
527
1498
2633
5419
7179
1093
5041
7242
1267
4421
4047
1869
6550
6177
4919
3608
5127
3887
1218
6493
4185
2302
2732
2576
2605
5429
3045
3005
6989
6672
125
3122
5318
249
7339
6600
5908
831
2100
1826
5329
7229
5275
4406
2445
1216
4237
7190
285
2121
2254
1064
2319
5864
666
644
440
5530
351
1665
2606
1742
1770
3968
2940
1167
6541
2710
1668
6844
6427
4814
6039
7056
1894
2510
5592
5731
5308
5546
1519
6492
2077
2979
4161
6311
5966
5436
3604
1625
3155
6107
7373
1796
2709
130
3947
5359
4894
429
2624
1507
6997
3902
1846
3403
5835
2036
2597
1684
5914
776
5813
4410
6611
90
2637
1937
187
6203
2264
2304
6690
4479
1375
4492
3427
5905
5078
5700
4324
5929
1995
4985
3770
6024
1936
219
6190
6210
1418
3864
1643
215
76
1683
3056
3568
6632
242
3467
3464
7040
7285
7410
6164
771
1494
3270
1416
5224
3292
1886
1374
977
1199
7045
5373
3698
6140
2410
1084
2337
2962
290
6120
2238
1478
1382
4326
6790
6041
1697
3603
3898
5189
4551
5190
5451
4965
658
6782
39
4274
5215
5555
6446
695
1718
5609
6562
3615
7346
5730
3633
1184
1020
2378
1526
597
2585
5715
172
2433
6939
1475
1201
6911
2635
544
6801
3486
3406
4777
2481
314
473
3273
4917
1640
3678
4084
1556
719
5104
4017
1302
3819
5586
1445
2361
789
763
4948
6173
4734
3343
2008
1659
476
3714
5193
5694
1034
3950
4135
3736
2062
4277
4145
3960
6717
6255
6738
3513
5981
4522
2747
2656
2987
2498
6089
6318
4103
978
1881
3965
692
2778
5186
1134
3753
2089
91
6050
5291
2869
3142
3476
5161
2323
1904
7310
5153
362
1359
3138
1274
5538
3078
1900
5989
4921
1392
4100
3910
6476
1934
43
435
5949
6488
6004
2217
545
6674
1926
7172
2721
185
3468
2780
4512
228
2818
2621
2437
6483
2678
2480
1521
6113
7210
1842
7239
1543
4306
2226
6292
7461
5133
7426
6049
184
7063
2202
4360
2087
5924
3655
1948
3439
4030
5462
4022
259
5147
4419
3939
4166
308
4136
530
4294
5120
2213
4434
4454
1253
7220
2546
2427
1271
1976
3269
519
5537
4110
3920
547
2677
2701
2875
5619
4937
1828
2881
1660
5351
1941
623
4791
1764
460
1268
5578
5358
5382
6528
35
1489
5755
743
5303
6453
5959
2106
4997
2954
6668
5777
691
920
4898
2478
6444
4059
3081
2225
4276
7370
3347
4203
2049
1230
3668
7379
4507
4506
5936
6599
516
5642
7134
6040
4683
5732
4613
3626
1425
291
7219
7157
165
759
822
7141
5330
2698
1336
77
512
1504
1910
3789
2149
6023
824
698
3431
6854
2733
5327
4416
7432
6148
4187
4368
196
5081
7015
252
840
6025
1443
6959
3845
6431
6088
4955
6857
3016
6677
217
4905
3504
5141
1597
889
5272
6014
570
5796
3378
3897
7314
6465
5568
983
6466
6447
5685
3279
390
7287
3332
6565
670
2580
518
635
4738
917
4183
5780
2529
304
2696
1678
816
2689
1838
3708
5770
5881
1897
966
3921
3983
6389
1249
327
2321
3484
3411
2579
6850
1611
3053
4661
3525
3526
1113
4641
5624
2250
5217
4604
1222
2487
1306
2694
3386
3548
1449
7359
1989
6687
6838
5276
6967
1585
78
1049
5907
2003
4508
4687
2509
4170
5610
3052
5422
6711
6319
6903
821
