4271
2210
2355
7050
2646
6590
5956
1581
6127
6176
1301
1197
700
2924
5846
3889
6857
4572
1265
7256
1082
4743
2323
3208
3848
5641
1193
935
1725
5955
4432
26
6623
1481
6113
2713
520
1575
2302
6219
6629
4170
2670
1938
6614
5985
7055
7263
2483
1969
636
2515
7301
7123
7122
3973
1216
3395
2253
1439
936
4227
6542
5193
2559
2417
129
3957
6584
6009
3979
5843
5547
1696
1492
944
1456
3721
3881
5659
2831
5071
937
2462
4923
585
6462
2314
1733
1249
135
5771
5386
7422
5171
6133
3219
2816
7126
6027
2922
7404
6975
1140
3998
5125
127
3954
5705
6701
2974
973
4141
391
6237
1089
6368
6283
954
322
5296
3252
4377
4037
2069
2081
4045
2700
3672
2627
825
2293
7464
52
1654
4243
1542
7374
3102
3260
518
2060
1593
4137
4245
1346
2618
2737
479
1280
115
1627
6280
3574
400
1958
3310
7481
2480
4166
3918
403
1152
3314
5241
4887
3711
3648
4955
6839
6349
2442
777
2504
3911
1334
1201
2719
1323
6045
2307
1026
3487
3768
5404
6892
565
4128
6588
5795
7151
2930
5924
3885
4737
810
6759
1751
1637
5483
4285
3910
7150
4133
5177
5388
343
3455
4453
7406
6338
4231
4787
6110
291
3440
4391
3529
4944
1369
7038
1927
4158
6728
4765
1207
3391
300
7334
396
2309
567
5604
4475
5009
3296
3995
720
4381
1582
3375
6658
5546
5928
3669
4361
3810
23
6400
2606
4029
4925
6136
2854
6907
15
1419
466
1746
3650
850
3037
467
5090
2203
7225
2632
4051
5769
723
4187
1289
3311
7045
378
2546
3130
2815
7229
1012
6573
2471
2044
6562
578
5085
2722
2234
3477
6342
5482
4437
4705
711
5520
5853
5765
2819
5888
3732
1761
7037
3146
485
778
2320
2672
1891
1589
1933
6635
427
1470
5828
3922
5421
2673
3665
3521
151
4957
4982
6205
3142
6369
6574
1868
471
2986
62
426
6323
432
182
2792
1239
2371
5315
7212
1297
4703
3585
563
5933
4385
230
162
5004
1866
1877
4444
3825
6627
7182
1111
3245
2715
571
2516
6890
2139
5348
3580
1083
3334
7020
1758
986
6105
2291
477
2534
410
3616
6441
5768
4843
3990
583
5033
592
7375
5609
820
5205
5465
5606
5576
5686
1526
3960
6647
4916
6131
208
226
3563
1118
5722
5145
2579
229
1393
5223
3280
1114
5160
5086
2311
268
4959
5572
1037
5001
4838
5883
6398
6378
4449
5909
1465
2935
2000
1007
6390
455
6038
6799
5957
2484
3833
1515
5114
1398
3331
5564
5109
2853
1832
2128
6828
6306
4349
2090
4980
7448
504
223
2107
1133
4439
3488
2756
489
2360
7216
6404
5891
4915
4505
6511
4513
6745
4022
6644
3684
5568
3313
1109
6538
3082
4116
7056
3302
4950
1169
6802
1068
4054
187
1462
468
3094
5854
610
5594
4852
4143
44
146
2231
2331
3129
2598
3775
330
529
6431
5074
1042
4640
3518
1754
6683
28
3233
5256
1717
6407
1915
1952
4570
1926
7412
4291
892
5524
6187
2104
4096
4938
5708
2441
503
6065
2215
2490
108
6300
1711
736
3830
166
842
1066
4427
6816
3454
679
7344
4669
7132
2823
2645
5445
586
633
5460
513
6042
2404
5134
2519
2787
1562
5684
4958
6276
3838
5289
7390
4416
4992
917
5545
1147
5774
2517
4373
4353
2948
1647
5571
5671
4945
2366
5162
250
3984
6278
2751
7133
5198
5839
2295
2523
635
7010
5926
955
3886
6908
4386
4648
4370
1500
80
3316
342
5351
5748
7265
4038
3149
5632
3558
843
4234
4112
7329
4659
7174
2298
1791
7337
1064
5061
5122
425
1584
6933
6191
721
648
919
3418
6293
4117
1024
739
3929
1059
2407
5178
5082
1210
22
4979
2312
3496
3372
6128
5416
5986
3734
3537
708
1825
697
545
5653
5693
2319
4450
321
4393
7111
1045
5990
331
5941
6727
4954
786
3435
6559
6945
2479
6985
603
1472
7487
117
3012
5304
5936
7367
1525
5147
6447
6592
1344
5510
122
4645
1269
5775
1888
3793
6735
1571
2619
215
1528
5239
3702
6969
3200
1741
6415
4881
1797
6111
6545
6359
4367
2963
4983
2653
24
2545
4924
6414
2731
279
5964
3513
6725
463
3611
2135
4333
1329
3620
5091
1653
3792
2080
7327
5330
1614
415
6976
6470
490
1655
4169
421
5945
909
482
4135
4482
5515
3210
5826
1633
281
2150
6075
5325
287
3527
7475
1368
1056
2466
2812
2070
6228
6677
7239
7341
822
7318
6569
3234
4241
2716
6305
5717
4936
3400
5291
995
1624
6490
3824
1335
1712
6054
4624
3545
7343
2586
6335
1670
2856
3493
5454
3896
7242
605
7029
7214
4996
5527
3660
1518
6224
1311
989
249
6235
107
495
6946
3040
5110
5667
4580
3006
3536
2130
3433
6652
1432
3133
3092
239
2453
6355
2454
6234
569
521
2613
3060
4630
568
6505
6016
1136
5970
5969
6081
6783
7159
5908
1142
4597
2447
3351
5871
6481
784
4276
4666
5276
1497
4664
1378
2789
1157
2296
6921
5381
7208
5312
4039
1677
6132
3627
5890
4990
7379
5301
1243
4653
557
3285
7440
2703
4324
2587
1794
573
1574
4884
7442
903
3490
5628
5309
2120
5376
2527
4752
498
3358
2640
2985
4192
3679
867
4107
2380
5623
5661
3461
3934
7077
4649
656
4714
6530
615
6247
7105
6057
1100
3181
2376
1229
397
6189
2558
3293
5624
1829
5415
1922
1399
4467
4713
4710
1353
4026
6817
3448
3612
3406
4110
3924
5625
880
7140
4163
376
5539
2956
716
1425
625
2257
4821
7083
7420
1941
4407
2746
4830
694
3584
3523
160
5403
1580
6818
5728
3561
873
6444
2001
1856
5645
6333
4668
962
6596
1155
831
2551
6947
2065
6968
4001
375
6264
4731
939
7398
1902
103
86
4506
658
1788
105
294
1195
5824
1131
258
99
6135
6678
4376
2050
4004
2804
1476
3121
261
3329
5987
4898
3675
1932
4759
6925
6050
4072
2134
5016
5188
789
2905
2244
5642
3373
3945
2749
5703
2110
1874
7240
1953
4575
5907
1402
3187
4069
2839
826
2464
916
7210
510
6905
553
3806
6253
5673
631
6616
7261
2162
4582
7467
4681
3159
5699
2190
4636
5142
4790
3188
861
5994
5754
3608
6116
4415
6876
4762
2095
4113
2818
3891
1798
5845
647
1232
3964
7113
3759
6555
4689
6821
2126
985
7157
1128
1287
4770
5267
2563
3789
1561
1666
84
4529
266
5915
423
3560
951
2648
547
3231
706
6405
6108
5620
5137
7281
1836
7433
2368
2463
588
5633
5435
2495
4392
6520
6721
259
4070
7091
1079
5268
58
7139
5767
4091
4531
3686
5172
804
1648
4239
4309
1208
6332
6
5148
2775
4154
3718
5419
7018
1383
1226
5896
4486
3332
907
2569
1403
1840
3292
1995
6754
6833
6824
7388
7396
114
5029
4794
7319
750
854
3259
3189
3797
5630
5447
4435
6792
622
6628
6294
1691
264
2581
3698
1692
5383
3022
5707
1177
1000
2810
4869
1862
3299
3712
7016
2141
3842
3696
4378
5561
7430
2934
6997
1074
7160
2270
754
1743
3546
3839
34
3403
3409
7389
5153
195
317
5595
5665
4369
4742
6668
5019
6844
6308
5794
4816
5432
1315
1612
6039
6620
6068
6138
288
7316
3369
6318
5497
5517
5036
5710
4818
3300
3932
2666
2352
4207
1842
2674
6667
2439
5919
6752
6144
4665
6648
4815
6389
5265
6063
4364
1457
5390
5495
7315
2180
3629
3638
1468
1075
4855
5252
198
3644
4244
953
4511
6232
3831
5002
37
6882
5452
4387
6213
5778
2206
6374
7171
5533
2383
2852
3305
3678
2945
2258
1527
4195
839
984
5851
5791
2188
4550
5329
7202
597
3106
7023
461
3035
1206
2642
3856
1872
7286
492
2113
3731
6319
4088
2100
590
6746
1963
4799
1821
3877
5032
4256
2401
956
4763
2251
1547
4732
6185
1749
4147
4213
1375
7116
2208
3531
267
4464
1695
1170
1374
6861
6233
7236
464
2876
5613
1957
1855
6261
5468
5303
1006
6738
6218
516
6758
6049
1801
4222
2541
5442
5586
1396
6164
755
5501
5600
2261
2494
3694
5696
407
7031
5214
506
3061
5261
3639
7439
6119
5218
3078
5829
5391
7041
511
5815
3095
3996
7317
310
1217
5877
365
2169
5078
6005
2493
2728
1282
1098
3491
1714
6343
4995
821
6893
3615
747
2469
5816
5830
5030
4235
2290
2400
2912
2119
6279
4275
4984
5100
4466
6776
5049
4067
6458
6334
5222
6422
2575
5226
828
2820
2649
1105
1467
4721
1971
2893
6364
6679
5938
2031
7008
474
3481
2047
5879
3270
368
988
6321
6230
2650
5132
6223
3107
2995
3161
1682
3229
494
5758
7129
5516
3829
5478
890
806
6193
6480
6216
2423
5443
1587
4406
6324
386
4311
5115
2023
3749
4584
6981
3228
660
1804
2445
7452
143
6571
1824
1448
6756
3800
3452
3902
3845
2237
853
3516
5012
1156
3986
7049
3593
6842
4803
5897
388
4620
6887
1062
3483
1959
4782
7013
5053
6770
3363
2424
6473
4189
3968
3398
6910
4425
5752
4927
1003
659
216
7219
134
2387
6262
2766
7262
7313
3243
5823
3722
6580
1475
3661
2378
7444
4657
834
1241
5054
6822
1610
153
2034
4036
356
5664
438
2168
638
707
6540
3033
1566
6259
3873
6694
3383
740
5856
4288
2835
7466
4140
6973
5187
6962
551
4286
443
2448
5146
5026
3532
1445
212
1887
4168
772
6897
6370
5747
4339
6366
2147
964
2570
680
4625
6381
1615
5505
4761
4009
470
6779
4185
2797
1466
3927
6274
6410
5385
4712
3298
517
6427
5534
3609
1669
2752
730
1427
5798
2855
6874
4831
1576
7149
6554
2281
1753
254
1892
228
2322
6922
5005
5800
2202
1139
4310
2729
1014
3904
6674
6140
5152
5473
7345
751
2848
1244
6663
5192
2037
4685
542
5885
2299
1080
1386
6345
841
6832
2510
5097
4419
3166
3442
5706
4554
5200
913
5647
6201
3392
50
4025
5273
5251
7268
5413
1180
6103
1551
537
6484
1899
1867
4058
7369
5813
6847
235
1792
3394
5935
1183
1181
1061
2966
4468
3026
6483
3704
6229
6290
6780
5379
1554
6582
4053
85
387
5327
5120
205
6117
1672
55
6089
4842
6439
6604
5735
5349
6613
4835
774
4717
6507
5060
1067
1549
576
3303
5875
2720
2461
2179
1787
519
6478
6660
296
997
1376
3590
2891
113
7015
5384
2604
3582
3714
2415
1473
7266
2862
1907
2358
5126
6748
3812
7194
3594
7446
204
1990
3003
7251
2096
5669
5503
6723
5108
39
6479
7246
3340
2885
6877
1258
2066
7276
5457
5105
6242
6669
3642
2219
5371
2554
6277
1601
6740
2195
112
2603
5701
2039
2717
4503
1293
3933
6420
5338
4534
6437
3980
7419
1708
6958
1385
3912
5310
3437
2880
2008
5971
4569
2256
5876
3819
5749
7418
4114
3246
6141
1545
245
958
844
2233
766
5336
2199
5927
3498
1928
1623
1641
5866
1347
4967
3443
4126
3664
6320
5087
5017
594
1816
1474
2861
7137
4579
4558
1544
2443
2964
2350
6257
5474
745
6919
2003
6408
2106
4408
6837
2255
6990
7205
2991
7361
3708
1220
2422
4905
6314
101
5565
2909
6755
1463
7125
652
181
3484
2528
7285
6912
6527
2683
4618
5428
2059
7087
5430
2340
6556
3356
5402
3222
4171
767
5426
4687
1513
5827
5025
2412
6753
6867
255
3195
871
3510
1880
3769
4076
6500
911
3283
6809
1127
3583
2486
4221
5512
654
4538
6499
3068
4017
7154
6445
1275
6884
6991
2409
1539
7485
3928
5857
4254
6866
4081
3988
4280
1514
14
7044
6317
3036
5629
7305
3071
4809
4951
1121
5035
2111
3458
4524
1071
7181
6486
406
3808
6840
1636
4908
3735
4832
5159
7053
5456
256
263
554
2143
7218
3900
3176
3479
2709
4627
6671
4216
5601
1095
390
4808
3175
1023
5335
1529
1765
765
6475
7238
3728
1119
4729
7090
1317
1213
4421
3746
5934
5290
7393
5975
4062
3080
2867
3876
5674
1438
7001
4644
5140
5288
6659
5395
4589
5083
3750
4623
6697
5106
2045
346
897
5266
4824
7127
7356
5283
4797
7213
6430
4561
7435
3444
1182
3847
5689
5716
6543
1591
5536
1585
6791
2890
4607
4932
7402
2157
2435
1738
3637
550
4715
4591
816
845
3522
6137
5614
5961
2277
4099
4068
7173
4498
2334
6825
5498
2181
5186
2526
3774
3969
3279
2129
123
4789
1433
4477
3963
240
1847
4028
4965
5323
1
2451
3407
2105
2388
1069
4480
136
4263
5263
7003
2840
6455
6358
6074
1268
1117
374
1122
5793
7232
1599
4082
1352
6024
5831
4889
6572
4282
6315
4403
1557
2375
3434
6062
535
404
1588
5910
1149
733
872
132
3404
1060
6169
2091
1104
3265
3377
1762
5441
4319
2960
2346
1929
2264
7249
2798
2883
787
6252
1090
2939
1720
7146
3779
4792
1830
2433
1828
2950
6077
2318
4964
194
273
3817
2817
4899
902
4130
5797
4736
1418
6889
3193
762
612
2941
6664
3167
5963
1288
4297
3031
3489
2052
1455
2056
120
595
7332
1619
2501
7169
1572
3447
2043
5213
145
3402
5047
3985
401
2521
4725
847
4055
3445
5138
2165
7195
417
2788
574
4551
7130
2071
3803
4883
4901
1224
3374
6617
6482
802
3841
2122
3088
4494
668
673
3413
5459
5275
1316
106
4294
2727
5089
6109
6761
6171
4637
1307
868
4750
6568
3381
1043
6760
7441
5605
5199
2365
1986
141
4176
990
4430
4751
7311
6709
6693
7272
1776
6785
7473
6122
4332
799
2326
692
3645
3994
3320
243
7190
3190
2571
3597
3961
2241
435
3880
1185
2903
6411
487
5898
7304
5560
6327
5133
946
2082
2280
6926
829
5676
4441
3232
6583
4878
1863
5157
4269
3494
6608
4305
1034
4785
2040
4322
4947
2217
2021
3390
4952
18
90
4300
3703
4443
5378
5788
3874
3781
2041
3056
6150
7217
5394
6965
4011
5954
1357
2429
3948
2362
3054
4823
3569
6082
6762
1964
3962
7275
5175
5538
6688
4593
5208
6564
4152
3346
5993
65
6203
5333
4465
180
6790
5358
5808
4174
2127
5622
2335
3122
5095
2979
883
6819
7408
6992
1451
6022
4557
5834
2092
4087
4085
4043
4014
6402
1303
2465
5173
2915
6497
3366
5905
4242
6194
1094
352
2030
7166
350
7254
996
5612
1485
2626
6870
5389
155
2027
544
2710
7135
6567
6736
2567
1900
2242
2594
6351
3051
6622
6782
3336
3319
4583
3472
3278
5058
1191
4626
4274
6546
1450
7109
5437
2962
1364
1038
5761
3897
2685
5113
7019
5861
5577
1817
1330
3937
4949
6700
645
856
3699
6591
7333
6852
3089
5144
1510
3790
1896
4864
1263
3528
5436
2739
4196
1459
2984
6250
1412
393
5075
5093
2048
1508
2093
5763
4678
6461
4007
2271
3103
6372
2968
3999
2174
209
308
3515
4352
864
4517
48
2614
3605
4447
4059
4633
5695
2800
94
2178
6371
5947
2289
4719
4786
6988
1240
2733
6044
1881
2009
1884
5727
7288
3042
3183
6184
982
3913
6337
1277
1449
6301
4749
1607
3065
5649
5285
312
2836
2313
284
6757
5480
4784
6547
624
6496
4544
3701
3619
2786
5850
838
6800
6625
987
6304
7007
5128
771
3131
30
773
5511
1120
1775
4845
2607
2131
7397
5792
6941
5958
6639
1716
1974
4382
6984
5418
4553
7021
2177
2222
3016
3890
1782
640
6784
3240
1172
710
1355
522
3816
1781
1011
7204
5042
4251
5962
6476
2097
7032
5736
7075
3570
7161
3709
6460
6361
1552
6153
1416
5989
6034
4079
6217
7099
5991
5537
1087
4476
1032
7097
265
5528
4013
3251
203
1411
2405
7119
5730
3667
2099
3747
5974
4132
5072
1415
4897
6815
4900
3836
7468
3835
5262
705
1774
5978
1919
4330
4445
5334
2343
6072
3465
3782
7147
1942
1035
363
2396
6517
5812
6708
1135
2706
4259
3633
3049
3596
1594
3378
3670
2076
6006
4323
7405
2101
6681
316
1643
4139
5073
7103
359
1409
1446
2010
2051
5690
1230
4060
7469
2708
1273
5753
1924
6936
4422
4267
2460
823
3152
3076
6028
6896
4771
763
2532
3859
3237
1608
3066
4273
1200
7175
5906
4528
4989
5076
2677
1739
5803
6743
3646
2025
1016
2994
5064
5124
3368
6911
4473
539
2171
4874
5820
5340
4885
6856
6742
4101
4217
3534
3858
634
4186
7057
1112
1267
1875
4289
3786
874
4461
6003
1871
4525
1960
5027
5608
4753
4358
2811
4165
349
6549
6606
2847
222
1766
3613
3226
2721
5772
4635
3726
4233
6241
1895
2742
170
4105
2144
2166
3745
7201
6438
4308
1573
2972
1760
3576
4366
2278
6541
7089
5280
303
5317
480
5014
1996
5638
7026
1820
6071
459
2395
7226
3903
3743
2888
1973
7134
3760
3977
7460
6423
2438
3214
7354
5237
7080
4726
2444
7411
6202
2062
1391
3083
5678
4410
6953
3764
5412
2910
4389
1673
6091
616
7391
1101
1471
6298
3942
5247
6097
7233
6302
2857
4316
3753
2740
5154
3281
424
7289
3500
1388
4290
6916
5194
3920
81
5023
2385
1256
2982
4120
4922
5398
4724
4266
2665
2192
6015
1319
295
591
1333
3809
5196
1550
2892
5372
7486
2108
3350
3052
2535
4774
184
169
5522
2176
4921
3888
5868
4175
536
1583
509
5069
5626
4586
6626
798
7376
1018
4972
360
3740
1246
2656
669
3466
5472
1469
6200
6297
5143
3688
158
4612
1597
3117
1729
8
7358
2397
7434
4326
5925
2186
3321
1153
7095
4225
7058
7185
1822
3271
199
2392
1259
4935
3892
4541
2732
2260
3258
5506
1055
3783
2814
632
7086
7456
3453
3207
217
5038
1461
719
6906
1321
7207
6775
4161
3184
7223
4613
6256
241
6245
4913
6963
5084
4788
3820
5434
4741
1785
5757
6711
5514
6148
4585
1348
6873
3177
253
2072
1148
4501
2013
1123
4907
7477
6699
2377
4956
4052
1705
5189
3093
1982
860
1033
2437
4857
4431
3548
837
4650
3656
1058
2015
3805
6163
4144
6239
2145
7004
898
2275
6687
4581
6769
2943
2078
7046
4904
2744
2223
131
6231
412
5737
5950
6090
581
382
6401
3587
2872
3020
3414
5681
2871
5776
3550
649
4733
3919
862
6145
3179
1261
1171
3422
4229
2973
4149
4125
5691
4819
3380
2774
1744
2849
4795
3431
1106
4810
1159
5844
4129
4537
2227
666
783
5555
2802
4041
2305
6943
6362
5557
2561
3330
4728
3460
718
5494
5236
5948
3150
7453
4892
1548
66
7054
3589
3038
2121
4948
5382
4890
6685
6862
1564
5284
5248
6160
3508
1380
3851
3328
1689
7142
2580
497
5733
926
2038
6485
1533
5377
1039
5234
2795
7250
6143
5003
6092
1030
848
5873
210
7221
6734
5704
6001
627
3100
1650
4200
1911
2767
5155
693
3573
5668
4409
4315
6281
2692
3081
2794
6909
4727
3474
3834
1132
175
737
220
760
1634
4813
5556
5682
2079
2245
441
6570
3139
2952
5513
2263
1124
3153
7321
5055
974
5190
2959
1081
3635
4190
2248
5352
5387
5298
3770
4675
383
286
6162
4611
2615
4999
7043
1951
4471
1865
780
2315
1839
4188
6236
176
2773
2705
4167
1567
5952
5369
2274
6774
7479
5847
5366
6161
5542
5363
2204
7183
3600
206
68
2916
1604
940
1211
4204
2940
6377
238
366
4100
4497
3462
4492
2232
5217
2834
2481
5168
4739
142
6649
817
6706
5018
7480
1843
5822
2498
6346
280
3263
7450
6952
2321
4374
411
5973
3972
6155
4549
6831
3104
6457
185
2845
4516
3428
2678
1309
857
33
1997
1504
2688
4215
5184
5101
3844
556
994
1199
5314
3846
5597
1889
1429
3151
3164
5574
4877
4401
7209
1238
3029
2750
875
1305
3359
500
5799
851
5951
1595
47
2369
564
1977
6285
630
95
3791
1395
2431
2772
7196
1519
3168
3170
402
4478
2565
3324
6388
5211
4594
337
6810
3420
4775
5848
3017
3101
968
4474
3941
6190
4718
6452
2189
3983
2329
4985
4825
6872
6730
5567
57
6491
1745
1299
6393
4490
5359
7114
116
2860
508
6443
613
6106
4394
6313
1537
2514
3202
6680
1161
3427
2284
5832
3690
5582
2
5081
6509
2381
3861
6182
5365
7352
2230
2500
2112
4704
251
73
4138
3216
815
5331
324
5929
5944
4031
5216
3203
4094
3555
6173
6733
4521
1611
5743
4485
641
1763
6078
4566
886
1535
2897
6052
505
2931
6087
5738
3683
6971
2882
231
5409
5526
1833
5321
193
4828
2928
3471
1050
1857
5123
1586
6199
5940
3663
3000
6552
1819
4314
274
5943
2769
5953
1150
4146
4863
2259
3730
3194
5041
2033
1027
7237
61
5476
643
794
2160
1600
6340
3634
51
1004
6221
620
1005
2858
3135
1811
2638
1702
7451
3811
227
2216
2506
6707
418
790
6917
5899
7366
3155
3306
701
915
7432
4002
4941
758
4676
5535
2829
3717
5838
852
6329
922
6373
687
1693
5337
5370
6777
1685
4178
1076
3178
4991
3622
6641
59
6356
2745
2006
1656
3601
5414
6603
1097
4654
6845
3423
6724
3592
6134
4134
2254
5617
5523
6643
399
6243
5040
4946
6066
7470
1771
4426
2337
1371
3862
2333
4764
453
4535
1936
6352
2226
3468
3738
6851
5976
1678
6365
6655
3388
5942
100
3456
6463
1379
3944
4969
3025
5720
677
5466
3074
2184
912
2419
5893
2053
2585
2684
4943
1270
7040
4199
7082
3055
963
6864
3689
2531
4723
2249
768
2663
314
2701
2324
6287
3396
97
2489
7298
4206
657
6156
2149
3224
1780
139
932
3470
4876
149
1498
1859
5424
3024
1189
3275
3907
6177
5755
5965
1560
2932
4801
664
6474
3950
244
168
5056
7314
2163
456
3748
3180
3879
4740
5203
6451
7065
2549
6713
1276
4340
1107
5504
3075
2825
2399
1073
6382
7152
7072
3898
4621
4363
2770
2658
6806
1536
323
4642
3399
7383
3084
4532
2707
5166
3495
6296
734
2895
4507
4914
1360
4540
4108
3126
7163
3415
4448
2676
4283
6904
5221
3787
1555
1125
4695
5235
457
4162
148
1920
6846
7427
6599
4697
6014
538
1441
1458
4020
3503
5212
1145
5840
3887
5326
1336
2198
433
1284
3250
207
6046
1141
395
3364
4672
4796
1493
3514
3218
6080
6605
3827
144
2691
2850
7245
1486
1437
1664
2496
2978
4670
5648
4893
4183
6704
4155
3148
549
6036
277
830
6938
2560
1635
876
1294
5045
5939
1495
5634
3951
2468
488
3852
2748
2664
2265
7222
5257
7259
7052
570
3867
6424
4115
7155
929
3725
5756
3412
3595
3019
651
6450
5731
214
2117
7342
1553
3997
3196
5863
814
2550
4023
3762
4371
5654
49
2046
4202
4833
5640
3636
744
128
4643
2425
7047
5688
3212
5470
475
7006
6238
4910
4968
6095
3497
1370
3007
6263
4219
7360
326
3128
606
1609
1168
6932
5048
893
172
1052
2843
1756
4879
5635
3653
3796
6433
5197
1205
6955
1845
3551
7330
1021
2197
1008
7117
5451
3050
5656
2440
725
1512
5946
7138
5865
304
1029
1337
4440
3965
4390
4981
2055
1805
6996
690
887
4605
2228
3450
7296
7070
4253
2077
2476
3257
3247
319
4651
3248
5914
2557
4033
5998
4268
5007
7339
3010
4483
582
3486
1661
2908
83
5723
353
699
4902
5367
6772
7401
2863
3451
5810
1219
788
4545
5228
5444
2671
683
4686
3752
530
2182
6073
4896
442
3143
7322
493
5011
1602
1790
2588
2791
682
6418
2049
2201
5039
6493
3604
4118
1401
6849
7192
3209
6602
4446
6067
3277
2268
4847
6179
1937
419
629
3120
3039
1965
5540
3112
1970
2659
3958
4866
4937
727
5270
4075
119
1674
998
4804
5995
6607
4844
5493
3109
4056
3780
2029
870
531
3169
4926
3607
712
611
2838
2373
6531
320
558
339
7413
1318
1616
6586
7377
1543
1722
2087
6008
6322
197
5311
4042
691
1209
7168
4470
110
4452
4841
7197
6705
5578
3376
795
6763
7227
3946
2151
5104
1808
5646
1598
3269
6033
5519
7078
5652
2098
4359
2661
4587
3720
2832
5150
3014
5886
1165
6019
726
2851
7098
1873
1151
1631
593
7299
5399
6551
1630
2508
6210
3739
3317
7349
2279
943
133
3567
6710
6088
4536
3354
1312
4870
6391
6154
5837
6020
5116
5949
7164
3626
2736
6518
1129
1266
6506
483
6803
5400
1876
3579
5423
1961
5306
379
6879
3724
1849
6999
1644
6336
2024
1713
7325
5672
3154
3517
7062
993
486
3606
2218
6220
1854
800
4066
5250
2572
1390
5485
6935
1452
3982
7179
2125
646
469
2690
5675
5151
282
2068
7094
6695
5185
91
7294
4919
3355
7353
4329
5282
6295
2414
1949
746
87
2382
3041
3204
4304
3426
3211
2207
2625
4986
1442
3069
2630
1423
1108
3849
3530
6125
5884
5558
5982
2726
4682
202
4677
4514
4555
4061
6061
4754
293
6901
2741
5271
7187
5766
9
5181
3015
1994
7338
863
3618
79
2771
4414
4616
2159
4345
6902
4522
1640
671
408
54
1251
7112
5202
7076
5587
7186
4049
812
3318
2348
53
7153
2654
3352
6166
674
688
4255
4592
2297
4800
6000
4156
5858
1706
6284
82
3325
5469
7351
188
2776
2970
905
1799
2610
333
4142
5784
2503
179
6043
1501
7335
5051
5167
729
2553
7143
4247
4608
1985
6558
4662
6175
5088
1728
6129
1750
3053
5484
1218
1286
4095
3794
4429
601
6696
4086
3134
1773
4180
2042
6812
514
1908
5462
318
7347
2755
6611
3266
2272
5429
6895
5981
4356
1517
3854
6435
3327
6397
7244
7009
1522
889
793
1646
4807
6536
7200
6796
5344
6413
2492
6666
6956
3505
6048
5711
7436
6575
5852
3894
64
60
358
6979
1505
2239
1981
4953
4104
3090
6528
7280
2983
6880
1422
3386
4748
1483
1187
4296
96
4481
5253
920
5872
3899
6211
1166
714
4265
4355
5092
6464
6823
6529
3822
1770
5227
126
1235
35
3348
88
4119
6714
4526
1613
3511
1698
46
1400
4402
290
6934
6059
6939
2999
2158
5119
2573
1978
3079
5446
6058
5067
1850
4302
7372
4293
6811
1923
2436
3507
3737
2282
2016
6561
452
5729
1250
2971
7235
1755
1494
2777
7380
3668
3227
2643
3424
1085
3114
6515
6017
5639
5279
4172
5461
4693
3802
3220
2602
6030
2061
3077
344
2389
5904
3163
6503
2889
548
2958
4201
2356
3870
2238
3564
2420
1036
1110
2118
4317
7257
2919
981
2762
894
2502
5488
7295
3562
779
328
4224
805
5862
2225
4859
6891
899
2209
4103
7034
2221
2730
2879
960
5805
1660
617
7224
976
1914
6645
7017
689
1404
5264
6888
1768
2647
7085
5967
3599
4493
5968
5937
3713
502
4530
732
1444
4057
3432
5579
1605
4683
4350
6719
1568
5745
4515
2631
5591
4565
3566
2866
371
2698
6942
2488
4978
2035
6178
6702
2693
3641
3865
7326
1022
3201
5427
2859
1671
5821
3098
2011
6170
1944
5022
4433
3506
577
1421
5065
3974
4157
952
5902
2927
4077
5807
7131
6417
2007
2753
3147
5206
2507
2269
6813
1359
3602
4827
1047
7308
6690
381
7331
5644
4641
717
3992
380
3004
4182
663
6375
1194
4181
7022
5762
6159
5293
7309
3267
302
6012
2898
3113
1065
5662
2828
1214
3048
896
5240
4520
1163
4698
1491
1373
3716
1233
1989
6771
2556
3826
1727
2513
2539
1350
5781
713
2906
3693
2308
1565
4708
4942
2689
6248
1835
7303
840
4977
6951
5129
1742
2427
7036
3360
4559
6903
1882
3476
2294
1723
5112
3
5274
1252
5786
1013
4411
1053
4512
3429
1679
3556
4854
6096
7241
1697
6673
370
781
1852
5619
1049
3241
7071
2655
3309
2540
7252
7371
3883
7378
6273
5254
6682
5360
957
6093
776
3322
6894
1972
5364
1113
5874
2474
1665
908
3393
5307
3070
384
2327
6060
6807
6353
2136
4850
6977
1198
4299
7068
785
6085
7273
4237
5249
5127
3916
6534
3096
6830
6820
1558
6303
6986
2538
1137
6689
1752
2824
5169
5255
1701
5225
667
507
3860
4360
1203
5918
4619
7292
6488
2167
159
5563
2505
2894
1732
2458
824
1987
7484
644
7108
6100
1440
999
6316
1010
1351
5697
1041
6637
56
3766
4997
6544
6347
354
4802
977
6158
4679
4272
6960
6595
2328
6428
1414
301
6268
7463
445
4306
1577
4184
3492
5453
19
2057
7410
1530
6251
5759
5286
1290
329
7118
6954
1063
4344
3649
4716
1769
275
2662
3882
6501
5529
2154
4027
2699
1906
6013
5277
6795
5163
3751
7199
102
4856
2765
3225
2634
7461
3818
3199
3813
189
5841
130
3111
6519
1663
449
4412
4988
7459
6265
1103
104
4160
1325
1406
832
1366
7178
4614
2533
4034
1454
5552
5407
1638
3869
5077
3742
5509
3023
6749
1160
2470
1851
6267
5231
2822
3339
1642
6961
5492
3361
4257
587
7384
355
4336
1091
4632
7336
2605
2499
1783
21
4975
2432
3371
357
4348
4442
859
4656
6084
5923
3091
3935
4351
125
6797
191
2562
4489
4639
218
2266
5895
2846
5021
140
524
3853
801
7102
904
2826
6665
7092
5449
2391
7277
2155
3657
1848
5107
2416
3651
5050
5770
2951
2574
1190
1144
1179
6419
5278
7128
4438
2372
4472
3217
6492
7416
3337
257
1991
1381
2568
6004
5006
4903
2457
4595
6514
4210
1254
5121
1954
4208
5295
6198
596
1939
5305
6863
3108
6998
1657
7100
4757
3671
4016
2537
4347
2711
7035
1807
928
1223
4303
2161
1606
6174
3475
7258
2601
7387
7211
2094
5525
3543
971
7449
6196
2332
6107
2593
626
2300
836
1747
2702
835
931
3242
5715
43
6386
3206
2938
6966
6307
4756
3757
969
211
5694
4177
5243
2421
4814
5183
4379
154
5621
2509
4019
3723
1394
2487
1596
662
3057
1272
4357
4688
7081
2842
3115
948
676
3771
972
1687
17
6854
1546
5180
6151
975
7348
3631
5396
5079
6640
3677
1556
4519
3674
3814
5887
7293
2354
2473
42
3784
4089
642
2434
5804
5551
2875
1786
3578
2599
3893
5499
7431
6310
5996
1260
6454
6581
3441
4214
7421
3344
338
1285
6841
515
4434
1102
351
5294
2543
3832
6124
4700
2430
5417
4798
6923
4886
1192
3756
4260
6886
7310
4321
1320
4455
686
2976
6914
3840
6526
1377
2747
1164
3116
1984
2084
5607
2993
336
3610
6041
1443
2957
3256
1846
2723
364
2738
685
2622
5842
4576
580
1126
1242
298
428
6018
2083
3027
5096
7064
409
5502
5102
5670
2191
3878
523
7243
5313
3059
4197
4248
7271
2868
1426
2830
6098
7445
5554
3908
6271
4773
637
6328
1946
5573
5393
2115
6587
3956
6676
3930
6579
6146
7282
4230
3192
1020
3772
3685
6149
4547
4646
2285
1382
5651
3384
3127
2386
1077
4405
797
3863
7011
1158
2660
6609
2954
3230
436
4974
3342
1354
534
4395
6801
6157
4342
4556
118
4159
2617
4327
3799
2925
5486
1417
6494
5553
980
2246
1313
4078
3284
6931
1264
3554
299
3347
5368
4090
2018
3938
32
2132
3105
6557
5683
3405
4873
1340
5489
4502
2014
6032
1748
7312
6871
3382
178
2283
5481
414
6786
1803
2243
6927
6597
270
5801
7188
3304
3700
1099
2837
4270
1721
6326
269
4894
1778
2669
7158
5149
4867
618
2785
76
4599
4696
3755
757
5562
1162
434
1413
3795
6548
6703
2408
3617
7
6732
4602
950
7247
221
5972
7027
540
1408
7302
3136
4463
2725
6225
2548
2511
3301
724
4906
6537
6598
1569
1326
3914
4073
3535
6949
1001
7424
7107
7162
36
4615
5570
5258
2778
7355
7455
4836
6618
1934
7300
4092
1659
5550
2780
6826
1212
5401
6950
2240
7028
1999
74
4853
3249
3073
157
6653
5878
4574
3776
3365
1993
6970
1976
2330
1618
7042
4783
3955
6675
6469
5660
6495
4917
3058
7184
1274
970
1424
6883
7328
1910
4706
309
2949
3446
2004
5392
5702
695
3785
2153
4318
3565
1093
5901
3630
1948
2351
6035
7084
3987
5342
6860
655
4003
5201
6212
3706
369
6288
6348
248
3389
5569
4868
4934
5610
4384
3823
7489
3976
698
602
2724
6636
1603
446
5603
3410
4122
5849
6868
6881
5059
16
4123
2123
484
3758
2187
1921
7120
5997
234
4961
3255
3603
2002
6747
4495
5966
3345
2287
945
5532
6657
7264
6477
6299
1668
3262
3124
5031
6344
7176
4701
2668
4960
2491
4084
4428
150
5269
1690
3282
1779
2183
5817
2032
6924
1310
3773
4702
25
5825
4987
4772
3273
10
4571
5979
5988
4064
1154
6829
1489
7443
4469
5410
1057
2609
499
6181
171
7381
3158
5028
4573
3191
3949
420
7368
923
4510
7287
5663
4552
2657
1116
2341
4209
3182
704
4661
4388
283
4912
6987
4628
2555
661
7069
6716
5242
6183
4610
6994
665
1202
3640
4484
4313
1176
4939
1736
5999
3692
2374
4292
1764
3499
5666
722
7066
2783
600
501
2584
6521
2306
3198
3291
6632
478
4
4779
4337
3028
4660
2704
1759
6899
3416
1864
7177
738
1520
5773
5677
3385
4940
6330
2109
3804
3705
2790
4032
3778
2623
2735
942
2196
5037
63
3438
3165
92
1054
7462
2478
7002
3013
7167
4805
3681
4769
4655
2088
5530
5742
7428
1247
1815
4539
5355
5790
6957
1279
7270
3572
6429
2446
7030
6083
2406
4249
2929
614
3727
3197
7385
4562
3236
3557
6585
4015
5
607
2456
7284
6142
6533
7269
5440
6967
6360
3524
2301
4458
6650
3520
562
2086
4546
285
2089
6206
5882
4781
5411
6729
4203
2564
2801
895
2185
1913
6101
584
628
163
4806
5043
5836
3966
6456
4499
1407
4767
4829
6948
2947
1710
5015
7274
3353
4211
1327
7148
3542
2761
5712
3043
4673
2116
6465
5575
5559
3268
3449
6387
527
5658
6964
7106
827
190
2620
4451
1707
2612
6672
5922
5136
1676
7324
6532
6167
3715
276
7283
1308
3577
1675
413
7323
2304
1699
4891
5583
4459
1731
7407
4709
5734
3763
5292
4150
5320
7415
6385
1228
1363
7483
3021
1435
1262
3238
3370
1146
4111
947
3174
2114
5685
5408
3430
6726
6282
147
5636
1916
4223
5725
5599
5477
111
5912
6121
7278
7191
3591
1837
525
3575
3658
6737
6394
541
1521
5631
6192
137
3276
4699
6040
914
1853
1306
5746
5833
372
3162
6195
1324
3744
1658
6011
4220
1662
4909
2170
1387
3588
2833
109
933
4734
6995
1017
4048
7165
5726
3272
2865
7215
2768
2946
2805
2005
4307
753
6731
3085
4707
6471
4872
3401
2364
598
967
6838
1372
885
3160
1431
2624
3540
992
6130
807
2542
4252
4418
3697
877
833
1680
1947
6686
3655
4258
4397
696
2347
7172
6339
7297
7291
1384
6858
882
6459
367
1621
6029
1700
7409
7206
1579
2472
4822
1234
543
6974
4820
4617
5219
6472
2827
7228
315
4638
385
900
3687
4647
6204
6222
5892
4262
4284
3621
865
2205
3032
5779
327
3666
2525
4372
891
4338
906
2687
4747
1298
5959
1048
5859
6172
1019
1968
3067
2652
532
5700
5471
884
3519
6789
3989
6053
3362
769
575
3632
4106
200
2017
743
341
72
6215
458
3419
4849
881
1343
6654
5580
2449
5588
2965
3459
7255
2317
3901
4840
3343
2759
1509
2608
2342
4970
6513
6099
6380
6115
3917
5135
4518
1925
1802
7248
5070
1356
3864
782
2644
6593
7414
70
167
7170
6227
3469
5508
7437
6651
1174
2193
4837
1823
2235
4667
6275
3729
3297
1625
2920
3308
5913
983
3287
978
5332
4976
1283
608
1516
4598
247
1620
1903
1490
4238
2997
808
41
38
1734
3767
1237
7447
1478
684
3538
3695
5490
3736
5692
5543
2267
6937
6739
7386
1683
5835
5316
5373
3097
4527
2884
4604
2384
5900
2220
4865
3915
6139
164
6399
1694
702
7426
7279
1905
1342
3171
961
4010
473
5709
4768
1046
4035
3526
846
1086
6798
7395
5643
4335
5541
307
5475
2339
437
6502
5458
6717
6434
5455
5809
2224
5818
4860
4301
71
1590
5596
5406
1291
910
1331
186
4218
770
1784
3244
2635
3525
6525
2426
2063
1236
5448
5585
7230
7145
4812
242
2914
4684
4875
555
2212
3463
7014
5680
2633
3421
1834
4074
6850
2175
3539
7121
1531
3408
481
1221
2022
3850
5431
4711
4722
5272
6446
1684
219
5870
7101
1503
2214
450
4278
6209
4093
4380
5549
5983
921
5034
2681
6804
3062
7357
3138
1015
5066
6254
1524
3624
3156
3939
5438
6466
1428
1523
4567
5867
3798
6069
2148
5044
728
1447
5751
4121
6395
1278
5719
2953
472
6440
2578
4420
2675
4063
6449
4880
4236
2252
6793
2918
156
1130
604
5299
1628
4423
2394
809
4634
6634
2152
2428
7362
5881
2410
4929
966
4780
7136
6002
6875
2589
2336
6781
5362
7039
3571
5230
2679
3289
2621
5308
1188
6379
4533
5930
7399
6929
5176
934
2936
5179
5425
3936
6291
2477
29
803
4312
1257
1464
6467
6661
5020
4191
252
2276
12
2054
3087
2303
4895
1453
2639
6208
5548
3008
7074
6269
0
311
1204
6207
5345
5802
792
3549
5698
3971
2682
5855
5439
5450
5024
4755
6292
6226
4005
1002
2019
2734
3682
1227
7306
650
6766
1651
3512
5357
2636
2980
4548
448
5245
1051
6722
6246
6633
447
6619
2597
6859
3379
4193
5232
1025
7476
2418
1793
2764
681
4826
2200
183
6341
6258
7454
959
2288
4871
866
6843
1740
4343
6055
3387
5980
1703
4341
1405
7260
3828
2058
2596
392
6118
7429
2194
5718
1772
2583
6270
4629
2680
2020
7307
7350
1328
1726
4065
3140
4362
6834
192
2028
3659
1245
5917
3295
3172
4436
2576
761
6553
4413
5361
3875
4194
5655
1931
849
991
6120
599
5977
2067
1838
1649
4012
6436
6031
3807
7067
3906
5618
4365
7488
2743
1943
6577
5170
2172
4044
6094
924
4083
40
3707
6638
1143
2211
2975
609
2821
3691
6240
3326
2969
1295
6656
5139
6773
5741
559
5347
5932
4691
6064
45
3843
5566
3011
4479
3046
3815
3467
3173
2590
2944
7144
5811
3323
2809
6589
3333
4963
1757
6168
5783
4400
5589
2250
678
4746
4383
3926
1570
4993
7392
5819
1506
6186
3541
4744
1248
5000
7290
2325
2911
7363
2146
5422
93
5141
748
3290
4279
3586
3464
7079
3598
4766
546
260
422
2363
1345
6383
4179
2754
5487
1134
6244
373
3288
6309
3959
2896
5346
2877
1434
3837
2900
5611
6920
4851
5602
1088
5920
4846
2379
2485
4287
7382
3953
5103
3884
3673
818
5860
2989
4046
2807
5880
416
4578
5463
4758
4240
3099
5174
2349
4295
4148
6615
2459
6396
3341
5328
1186
2869
6403
6836
1818
6104
271
5518
6691
1718
4030
2359
1909
7012
1667
7059
1338
731
5224
5916
3213
2273
756
5397
5008
566
5013
2530
232
3186
4600
2286
444
6630
7025
1812
6808
4692
4320
4488
2544
2987
1652
5356
2592
3676
7203
6197
348
1496
4508
3719
4609
4261
3872
439
1885
6539
6720
4417
3047
1935
5592
1686
941
2310
3502
1861
3137
5739
454
6930
2870
6913
4354
6354
1912
1296
3005
1893
2262
2124
6214
4277
1831
2142
3952
98
5117
2981
2344
2213
2497
3063
6152
2353
3509
1709
5297
6070
6524
5238
2990
1009
3485
5210
272
3905
2518
6900
5615
1534
430
1420
292
6357
332
5713
233
4456
512
173
675
5094
3501
3221
3940
1737
3110
4509
7198
6522
325
7110
3552
7320
165
1735
858
6940
75
377
3652
152
431
6878
5130
491
4124
5467
2712
5343
2591
5714
1956
6848
3788
2393
7141
6535
3923
6980
236
3286
1392
7156
3144
5894
4862
4858
5760
345
4776
1878
2073
1488
2390
7482
2012
3349
6794
5960
1173
1502
124
888
1719
1184
6972
2844
1789
752
1322
5111
6025
2784
3367
5590
7189
7234
4298
938
1940
2524
2996
5080
3895
2522
1507
3439
6684
3857
6272
4080
4998
4212
6406
5302
4811
1715
2611
7400
3118
6311
