5566
2217
1813
664
5227
6746
6716
2519
393
5900
3711
1021
5318
6076
3960
6698
1254
73
6896
4725
1892
1910
5447
6323
1780
6077
254
5160
1743
5196
6990
379
733
7196
1381
5054
3145
5867
1871
4501
1111
6884
2092
5394
4873
6347
5903
4447
1713
3602
6882
5813
4438
6098
803
3827
2814
2581
2358
4380
1202
1795
3488
558
509
4573
6786
1207
41
197
4635
3616
4881
4308
507
425
589
1482
1859
2850
1874
2066
3971
4434
921
6540
7441
6415
1770
3040
6572
2690
3450
89
2149
225
1215
642
6376
2791
5736
4648
6603
1614
1776
3485
7343
3332
5860
2202
1885
5094
5070
5130
3540
1551
6369
3253
5704
2298
5862
6682
1154
7068
6127
2639
3351
6468
1320
1610
7259
1300
3223
5066
1718
3773
2533
1849
544
4228
3625
661
2957
1750
2484
3762
3105
3904
2868
7437
2409
5751
3534
4517
3583
3709
4009
2823
2695
3603
6165
4047
4258
4479
4603
7263
6606
5477
5472
1829
6436
4485
2321
5250
605
2308
4165
1086
581
285
1957
6396
3638
5525
4530
7422
7227
2176
608
6325
5726
604
1261
4284
2425
2495
6255
267
6569
5296
3138
2020
169
3019
1887
46
4509
5003
3066
5209
2632
4639
1448
4475
2348
4959
2445
1350
3732
1000
5364
2393
4202
6233
3910
1701
2692
5007
1759
2760
6312
7030
6826
273
6712
3111
768
4587
4161
1382
2874
6824
1989
4255
6100
3256
1023
1184
5426
1191
68
6773
6563
5034
3241
1501
2521
6035
3943
1675
5591
3082
6508
2855
4857
7478
918
2178
5838
202
4795
2682
5968
3252
472
3366
6142
1293
981
6490
2588
7174
632
5188
4141
773
5966
2080
2770
1264
6849
92
2022
565
4735
4520
5355
4717
6382
5843
4418
6054
3585
6811
6120
7485
3506
5563
6321
250
2169
6048
4378
1755
3084
5259
1731
13
1003
1377
6960
4765
2011
4457
3415
2642
5725
54
6982
5964
5147
4156
5150
3692
660
4278
6678
6708
927
3133
1418
1441
6766
2914
531
4723
1343
6434
5808
1263
2268
5516
411
4977
3914
923
5352
6453
4780
2016
6131
6440
4733
3563
5485
6610
4242
2885
4695
769
3046
6236
4396
2030
5840
4714
2291
3374
5584
2320
7470
5384
5807
3720
6717
5795
6791
1160
4834
1419
3002
159
4367
2921
2154
6764
7233
5268
6470
1241
252
1751
4879
3472
1840
7285
945
7359
272
116
2794
6443
6810
4700
1319
7037
4641
2459
6038
408
2540
4103
1047
1905
193
4868
3659
6164
6032
5592
1129
2731
5610
6703
1053
2094
5518
673
1541
4676
5213
2284
5287
3631
758
5805
1373
7083
182
7218
280
5370
6963
3051
3148
902
204
1506
7310
5622
438
937
7229
4741
6767
2959
4565
3833
2099
2158
1932
4247
1852
4178
1205
2244
510
3590
3189
2506
2164
3348
4250
4289
5545
4078
57
7049
1550
4842
1916
6898
4786
5643
3086
2662
2110
1611
1903
6172
2881
6226
53
4293
965
524
2000
4829
2465
4088
7404
6981
5234
3989
5106
6332
1775
4923
5959
2174
275
4010
4151
6566
6761
5880
1609
4471
2527
1639
6033
6763
5202
7427
270
5497
4288
6866
6575
5043
4219
4020
3125
368
2911
6261
5377
6400
2761
4422
3430
5456
3875
6726
5087
226
5728
7486
4805
5470
5873
1915
4115
3234
2479
5045
1532
1782
5312
4534
6662
3310
5088
6348
5845
4692
1105
219
6907
1838
5628
6355
1974
706
3549
4867
434
253
4080
1069
5126
3556
1445
1618
3402
6451
829
5963
6343
1593
4616
5876
6978
2797
7238
2447
82
7239
297
4470
4113
7287
1504
6535
1347
3455
3609
7408
1958
5269
4183
1729
4037
4516
397
318
6135
1011
1429
2816
1395
3537
5120
903
6237
4196
3122
1773
7017
4322
2089
3176
5084
3752
4432
682
4262
3033
6417
4847
2729
6681
1189
5822
4931
7342
1781
4507
5520
305
2798
4272
7145
4512
4014
6583
2136
7280
7148
2606
4455
478
4076
5939
2740
5809
3375
4952
3058
6723
5574
1855
1431
3652
7318
7464
4452
2205
5827
4792
6282
5633
743
2669
4562
1270
6259
1644
5898
4138
6157
302
2043
1079
1087
4251
3465
1710
5559
4077
6821
3907
1117
4592
5339
2937
1295
2826
6373
4439
4006
1312
1122
5471
2981
5073
5594
3951
5544
417
1234
4629
5912
5163
7164
7330
7170
1398
291
4571
3753
883
265
2624
2114
5731
7249
994
712
844
6757
7282
6710
2869
669
1665
5356
4492
5797
4869
5612
5575
3658
4221
6210
7221
6111
799
335
2851
4449
2147
5835
3254
1213
4595
1360
6565
1346
2005
3495
3238
6275
2299
5524
5159
3264
5236
574
1994
3410
2790
1940
5858
1351
2034
2984
5932
2755
5136
5528
4963
4981
93
2801
6190
4578
4041
624
5433
1262
709
5550
1772
6199
4483
684
1754
2870
3964
4071
2399
889
1857
84
1651
1156
4276
6568
7262
4602
239
5994
3218
7479
1080
4787
1624
7127
5212
4342
3676
5081
7105
1324
2741
303
3558
5099
5228
6421
2888
1682
1904
176
6424
3746
3695
1477
5548
7277
4208
115
6614
2384
3765
3028
4719
2234
6796
1663
3377
4147
4947
5938
1236
3291
6552
4939
3227
3807
246
5653
277
4176
4801
4339
5790
5289
7476
1229
4976
656
4
549
7377
1066
174
5970
1471
2261
5933
3405
4895
463
3848
3874
7431
793
3956
2528
3801
144
1696
95
2024
66
6283
1552
9
4704
6292
4185
1136
243
2010
1778
4614
6883
1247
1242
1402
534
6588
6913
4254
7106
5330
7474
4122
4615
3144
5511
6997
3952
7124
5609
3699
1008
2688
2522
5014
2019
2382
3550
5996
5719
5506
6266
2062
6000
4155
5928
3202
2560
5958
148
96
3083
5439
5917
3034
251
910
1988
5423
358
7084
7449
2289
5454
7140
643
7031
3199
7189
2272
978
5320
4835
2556
2932
5685
4682
6191
7351
5282
1195
7062
692
6597
3831
2597
7298
3053
6808
6906
3838
1450
4034
4802
1516
3605
2935
2173
666
5218
5944
6697
1707
3085
3155
2415
7029
5171
6632
2438
7161
1361
2651
5168
1110
6893
3928
2544
5013
4135
3707
2125
4721
1067
2570
6350
7489
2231
5532
5937
5027
1058
4862
777
171
7482
1936
4854
4059
3749
80
5000
4650
4350
812
4519
5670
5237
5767
3191
3689
1929
4525
360
506
3909
1484
1542
3743
1455
5204
3194
2563
6303
1083
493
5463
5942
1055
5836
597
5415
5420
4731
6765
4177
34
5624
5271
3543
421
5755
694
1112
5417
7273
3421
2737
3470
5830
1676
5680
6686
1596
4790
21
5303
4203
3006
7275
1388
7430
1132
6714
6242
4018
6003
2229
7323
7213
5625
6329
6029
1848
6273
3186
5556
1967
3294
1318
2696
2945
6462
6301
394
2975
5294
547
3850
6844
5567
4265
3973
3167
7362
6463
6988
5517
6871
4821
4243
5451
2112
5292
7367
5407
4720
6831
599
2014
3950
2187
7215
6804
3088
894
6478
0
3988
7447
6702
4143
135
4372
4026
638
1371
5611
6205
1980
2621
4029
6813
3518
2325
5464
7107
1802
1589
6289
935
1113
2817
6378
6479
3521
4548
3878
7258
2210
5735
3175
3974
7350
1528
4424
964
1911
1708
1185
3562
4195
988
2970
4539
1588
2190
2516
3387
766
4231
369
4488
6081
2346
4619
4355
3026
4007
2036
771
502
3903
4112
4124
4546
1078
4668
1562
4152
2469
7402
4838
2428
1549
3050
2223
3962
2467
4583
337
6354
1467
6410
4933
233
4858
2472
1147
904
2799
3805
10
1621
2352
6444
6138
7073
6628
6449
6495
4698
7436
12
5214
3942
831
2784
2601
1201
4856
2596
4487
7187
1747
1470
6489
751
5448
5953
6666
6364
657
2886
677
2705
5465
2864
2063
1672
3342
1930
6887
4105
5661
7013
3413
1442
1790
3207
4382
6932
873
4611
4920
4285
6753
4892
344
5207
5248
4954
1699
1383
1100
3724
439
1686
7355
6315
5991
693
7403
6513
6220
4463
6079
347
4376
3738
6163
2349
3169
3184
6222
4236
5133
5499
3297
5855
2789
1179
2106
3557
2903
5504
4782
6353
1995
2104
4482
756
7483
17
568
2049
7101
2191
578
7081
6802
6953
2224
158
4925
3580
1972
83
4878
2230
367
306
5262
665
620
5626
6204
7078
7371
131
2031
662
6689
1435
2335
3480
2694
539
6775
4840
2649
2617
750
256
7407
5039
6188
1274
113
7467
6860
3891
7158
7028
2719
5861
476
4270
5137
5082
4550
2461
3461
2964
3132
3723
1514
942
6920
6334
3617
2309
2922
2900
1615
7374
6745
1223
3279
3769
508
5712
1176
3482
3327
2554
6141
3479
3882
1462
2503
5817
4585
5757
6207
3182
5915
583
5035
2539
4778
1525
2577
6888
1557
4799
165
1529
4669
4678
2904
1939
6937
6498
1572
1416
2978
480
3065
3508
351
6592
1515
6344
7391
3515
178
1865
4784
1846
4055
3872
3847
2611
2842
3441
402
2280
7131
7235
5491
4785
3277
3567
4214
3957
7008
6285
5987
816
1181
4490
4388
1433
5441
4286
2958
3611
6783
3993
2028
2777
6951
6270
271
3118
5076
1365
7480
6103
1304
4280
1661
3204
3809
2466
414
1461
7197
5730
282
3210
4746
1245
2240
2613
4825
2397
4712
2818
914
5973
5631
1680
2130
2215
659
1244
6430
4031
4053
2933
3621
747
259
1606
343
4652
471
3842
7212
7134
827
4910
1671
1547
1171
3285
7458
1893
5814
18
1096
5722
6839
1953
2138
800
1559
5784
3303
6173
5943
167
4559
3445
2573
3448
4918
4634
3434
6531
6184
2430
4768
7086
3158
3483
4921
6594
1673
3328
88
5569
7455
1540
3627
5972
298
797
2819
3160
1420
5846
575
548
6503
6685
1546
6358
7183
5323
3237
5879
6585
5029
6398
2233
3745
465
4100
2013
511
6762
3751
2211
2757
6711
2807
2103
5033
3451
6148
5496
1666
2145
2972
4094
707
7247
1563
4896
4459
2980
7390
2033
330
3432
5786
6084
3894
3439
487
5729
6435
4814
3576
5636
1766
2774
6771
6862
1603
5696
2379
1464
1333
5990
5711
3793
4011
6228
6656
4607
4194
5216
780
6612
375
1072
3350
5080
6670
6295
2671
3481
2208
1938
4292
6053
5941
3371
5878
517
955
2414
3587
4643
1800
603
3789
3853
5986
2974
3529
1483
4839
6659
1325
5780
1409
770
725
4313
1678
2590
4822
300
1626
5979
2728
1463
2709
437
3667
2831
5172
5037
3466
403
2600
107
5503
1026
2218
3758
1946
6879
35
2222
2253
6195
1412
4914
1873
5295
4287
5923
5379
4940
199
2097
4091
1410
3024
1029
2983
1881
7109
5568
2602
3976
7098
208
7292
3001
3604
4403
5373
2307
566
6140
5021
3696
5480
129
4531
5851
5135
6936
2434
7047
5275
3214
3987
700
304
602
217
4701
5008
2804
4373
5874
104
5645
4752
6825
3600
3881
4074
2810
5947
5482
864
3823
2318
735
3560
4674
6646
6245
4310
5208
4637
3309
5679
4866
2854
5260
1032
3921
333
5421
2109
4067
4356
2724
5772
27
6155
2045
2146
7178
7117
3067
4991
1389
960
2213
6263
3619
6547
1807
938
274
3700
3035
2241
3778
7446
2281
5024
2184
6829
1277
1075
294
2700
1289
6225
6779
1767
3546
6894
2627
4054
3041
596
5337
6069
3911
5899
3370
1152
1478
5866
312
7265
1734
569
5390
4568
3630
203
4239
5185
5251
3314
3245
5437
7315
1052
133
4429
932
4263
400
6949
4908
4066
6247
6280
971
7406
1530
3013
4618
7300
529
4008
4728
3527
7303
4085
3383
4398
7469
6688
2862
2201
3355
4216
1844
6946
3643
1322
5233
5005
1830
7180
7444
4661
3851
6062
4279
1720
7440
7055
6675
667
2640
6305
3553
6778
2327
1468
448
3629
4440
6861
6456
6304
6991
399
3650
5565
3665
224
5619
3229
6313
3119
6170
6679
7232
2165
7111
837
3873
4580
833
6842
121
3131
3181
7201
5954
2501
7325
2707
2725
5419
6219
3471
5635
2894
2219
3726
7488
5409
3919
1430
4656
4189
7376
2783
1170
6772
4253
4129
1888
4982
44
7392
6102
5468
1349
5161
6600
3170
3507
198
2902
2595
7296
5044
2227
4833
3845
2294
3063
7387
4392
1097
228
69
1353
4828
7090
993
3968
5371
3785
5306
4841
5988
3069
847
2966
6798
5844
3092
3821
3610
1803
3161
622
2877
6595
6596
3941
6425
5186
5745
4321
5025
4902
3173
4093
1715
455
4430
3706
7067
1022
3403
6915
7112
6168
3926
2441
2775
4273
5100
4368
7434
5400
5834
7058
6561
2867
6541
934
3861
3504
4846
610
2941
5692
1341
2148
1858
6622
5051
5747
2032
5473
1664
5721
4876
232
1931
2857
2405
4220
5046
1993
5205
6865
1975
4948
2091
2207
4710
5856
5062
4246
6395
3273
1628
3463
373
2971
1305
3357
2258
4245
2496
247
163
5376
5386
5904
3673
4336
3688
5782
384
3263
5534
6276
4484
1472
56
4627
3714
6629
7289
4436
151
1102
785
2347
2841
3221
672
5011
3682
6868
2759
1196
326
4951
4327
3761
2940
5031
4281
6174
4409
1599
1554
6412
6492
7284
1497
2989
6359
5976
3382
4716
813
1652
1282
3449
3657
891
5331
6064
930
1836
5501
4936
5596
2780
5750
261
5406
2471
2155
6589
4351
6560
3312
4217
3634
867
6931
71
7171
2303
6680
7410
2398
3384
4116
2141
6973
4851
139
2650
767
2001
5462
3984
138
912
4632
6446
3865
1155
5911
6801
7456
3188
6017
4552
7022
2693
2481
6649
3579
1831
784
311
4696
85
3373
3633
6537
3693
3233
2336
649
6687
559
1375
6123
6856
6501
3414
5283
5918
972
4421
3691
7188
1059
4699
6504
7119
2333
1954
432
6941
6557
2483
3551
3156
2828
388
5522
1850
7045
2553
6327
4402
3763
7415
3298
1647
909
4297
5357
4631
7088
3284
103
1275
2667
832
396
5683
7463
1786
640
2883
6925
442
2772
6724
6497
3734
6206
1345
2127
2849
6297
520
6088
1573
4235
4110
3934
779
943
1622
353
3486
4690
4423
7465
5802
6267
3896
2925
5238
334
5284
7353
1512
2551
2561
5889
3927
6522
161
2748
7018
4393
3908
6404
5841
5315
6539
6481
3022
2468
268
7321
4647
6208
6429
5961
5492
5079
1828
6300
2792
7185
6864
3036
2715
1636
5740
1161
5125
3089
719
817
5694
878
1030
2659
2450
7023
4985
4577
686
1702
4905
1899
4491
906
2181
4096
4666
1237
6416
3270
901
2666
2140
2887
6855
7019
1082
2015
489
2809
5310
3163
3052
754
6609
5072
1378
1811
3678
7260
6895
3672
3102
7026
7268
2806
3505
3930
1408
3935
422
859
1634
6518
2882
1894
6232
3346
3325
4555
1019
2915
5001
959
2730
6279
4804
947
1404
7399
236
2464
1169
3877
6399
3814
6078
124
2645
6277
5606
101
72
1900
3117
134
6442
6357
2918
3369
5600
5823
6465
5665
4082
1278
1742
4461
346
5396
7151
4295
3304
5016
772
5839
4911
3124
5367
4950
3130
6042
4079
3578
6110
6087
2710
4493
2489
7322
6156
3339
3027
5885
5264
794
6992
2260
5925
5416
1738
6197
1296
7337
4684
3180
7293
537
6310
5023
1101
3424
86
1730
2074
1496
616
3344
5741
7065
1440
1137
2026
446
6586
5965
5877
5109
2107
407
6211
7135
2449
7356
7251
4097
2744
5863
6202
3193
2334
3296
2739
1537
4227
606
6554
6377
6448
5399
4137
3368
4495
2246
4210
5832
119
3094
4164
2096
4377
1250
3641
5634
6020
6070
1963
2973
710
2655
4871
6699
2785
2232
452
5850
670
1491
3668
322
6502
3523
3380
3068
7053
716
6427
3000
485
1061
1535
5910
6469
3302
631
5429
5640
1870
1654
1453
7038
2249
7279
3261
6795
1211
4726
2919
1805
4798
1037
4456
2638
2093
4510
5319
3772
2896
4036
5249
7099
3378
6947
6134
3009
94
963
1427
6413
3260
2630
1923
3768
4345
4997
1057
5507
5538
7138
550
1785
7002
1586
6530
3419
4807
5092
3061
3677
4590
1085
2555
4060
5650
7314
2429
4314
5547
1006
4655
5083
5222
3293
2950
3340
1812
7176
207
571
5167
1637
840
5053
1809
2313
1660
3640
7001
3168
7222
3321
3345
7160
6472
611
637
4986
4566
651
4620
4984
6792
1620
419
4225
2939
3728
4142
2090
3095
175
3195
5116
6200
1521
4171
5184
7414
173
6735
4063
5141
601
869
2453
7012
1685
214
451
5629
3211
6484
5605
4441
2574
4727
381
3517
8
3729
7050
726
3770
2418
6781
4108
3385
939
892
5019
50
3931
5960
3300
4524
6458
3501
3224
4527
1285
2691
2629
5776
7169
6667
2633
1863
7254
7027
4102
2052
4759
2763
3242
4968
7214
6789
7475
2745
5145
147
1379
1797
5200
2086
1605
7146
2317
2647
6250
886
1990
1633
5459
3614
1108
1437
501
2357
2421
7125
4816
7461
42
4946
483
636
128
5505
5270
6428
3756
2460
2
3666
1824
7223
6940
6852
2967
4446
3146
2689
1311
445
6326
6970
3826
2446
2569
1352
2879
3335
5301
6657
2812
1209
212
2644
235
3222
4606
6380
6024
380
821
1114
2754
5460
2142
4766
2254
1307
2788
6340
6260
6109
3074
5256
3361
1266
1749
2562
1186
4737
824
7291
3862
278
6093
5298
7267
6661
5616
3598
5461
1123
3429
7338
999
342
6994
860
5978
3216
6082
6799
1093
3624
3716
5354
2734
7452
7333
4248
5410
1659
5281
5760
6526
339
2786
1901
647
5059
3103
6993
4504
7000
4317
3608
2969
941
6546
1616
3411
5588
991
6224
557
3985
7438
3030
5920
6655
5085
3849
2420
1392
1060
150
7054
5608
5916
6845
292
4675
6125
6695
7089
3364
301
4673
3286
6330
5514
2965
2898
401
2304
6143
1732
5151
6817
2237
5508
7354
4689
2391
838
6832
179
5992
1356
1421
6095
3283
4932
7025
1036
6965
4600
4163
646
4046
4713
4646
4496
5193
2942
2493
5791
1143
2085
1340
582
1145
6780
2196
703
3830
5102
1964
5558
4330
5148
1106
3447
551
2579
5718
3060
717
3278
3811
120
4394
1139
4025
1224
5738
6450
1013
4900
6853
1119
4810
4642
695
3597
4101
4114
4880
7252
7154
5765
3106
5732
980
4354
6676
404
6097
7116
4989
4806
625
186
5585
6422
4048
6239
6056
4942
2856
5493
2687
1741
2991
3015
1486
5350
5349
2251
6544
5313
851
2305
2723
7281
132
5621
518
15
5581
6626
6621
4736
7453
1239
7004
377
3407
3116
2345
3559
3
4230
5405
5483
3978
4761
5897
1714
4298
1138
6129
4522
5669
4193
6859
6758
5770
5155
6836
587
5677
3955
4975
2426
2635
4824
7388
436
3306
2193
2678
2252
6384
3062
3979
1494
5132
106
5380
5702
4848
1796
842
875
3247
4437
6085
5479
888
1372
2641
290
209
546
1466
7003
6154
4560
2530
2858
3764
2997
2536
5980
2448
3363
345
1986
6558
3983
6677
4241
5826
3697
5533
1787
3670
2403
4084
6983
2866
6467
6009
6307
6840
5870
567
5074
2443
2660
1919
1524
3509
5837
6039
5603
5230
3236
2733
4417
6302
2098
6846
3939
6645
572
7365
1098
137
3628
885
3661
3871
836
7206
866
5391
2197
5335
4667
579
7340
3635
998
3347
2124
7382
2458
2417
4815
51
6290
4891
1951
2462
7411
363
1511
5752
4444
152
2546
2905
6375
2192
3423
3607
3474
1806
757
1327
1439
5317
1579
5742
1799
4333
1298
6591
6248
191
4877
7373
4754
1947
1049
2248
7074
7208
3876
1816
6179
5192
1492
6
7380
6950
5476
5697
1736
6739
5749
4750
5098
2126
1935
3750
6756
1141
1025
6684
6418
4591
263
3539
6559
2549
4922
3776
2040
5887
4654
4149
315
6180
3680
6113
6066
5662
5671
5666
5224
6145
2111
2394
7007
1443
2025
2437
755
6722
2803
3755
357
5951
2422
1728
1399
382
1997
7420
2954
3056
6235
5909
2721
6299
3319
4961
2753
1368
6556
3274
3786
2558
6729
4613
6336
1860
3538
5529
4073
4022
5398
6599
4664
2758
7121
4329
3436
3318
4883
6582
2592
6198
2413
2514
7204
7243
6776
6460
6193
3032
7368
2051
4162
5411
449
4809
6787
3249
5652
2699
1556
4861
349
1692
1197
5852
3442
3890
1956
3684
1879
3788
3359
3645
2050
6166
5187
2567
5220
6086
1711
114
2069
1002
2963
689
6004
1629
6150
7320
1428
2067
6075
1653
7100
7009
1014
1867
177
7216
5552
4965
6185
5311
1359
4445
526
325
830
1706
4238
6633
2961
6636
4389
3446
6918
1727
3356
4855
5847
2204
1568
4316
5152
3591
3239
627
3705
749
2048
928
4694
4395
1703
1752
554
6759
1509
4072
5657
6665
3437
6651
563
7286
1832
461
2311
4408
2486
1314
4545
2457
3819
702
22
7200
5833
633
3139
362
4252
4597
2658
6080
4593
3938
140
4971
78
482
7080
6251
6639
4547
6721
4535
5124
5762
143
6397
3323
4533
6016
3920
299
281
522
4753
5642
521
5489
1876
3735
3844
3491
3282
5428
149
3802
3781
729
5452
931
3352
1545
3994
1452
4460
14
3172
5458
6524
4758
2128
3390
237
2287
5189
2329
5266
5539
2646
6874
7082
1348
5279
5689
1604
798
730
2009
7335
1595
6707
3444
4944
1240
2616
6790
180
6602
1385
6262
1970
3090
5746
4045
4953
459
4955
2677
3198
5170
3358
5290
7217
4257
5158
3289
1257
2427
1469
218
4433
828
5326
924
410
1598
6021
890
6641
3197
4983
2290
5864
4207
982
5660
5971
5488
764
1235
3143
626
4448
3969
5798
497
2296
7274
3791
3498
6545
1188
4987
2732
3637
3916
2380
4621
1877
3147
865
2727
5221
6461
6293
5967
7097
1178
5097
4899
6834
3475
7137
992
1698
1457
3937
2029
6052
6917
3353
2057
3477
3128
2078
1581
4474
1251
2895
244
4450
6243
1527
4515
4451
5649
3932
4260
3555
7036
7133
4582
3804
6437
2832
5139
5144
7225
2183
4061
276
2538
6374
5340
23
2718
6008
6094
5698
5526
2105
4960
5902
3575
4104
458
6751
7429
2656
1033
6734
5871
6388
4898
2550
724
6507
5828
2685
4454
3817
741
160
4358
1822
5343
7186
7253
7417
2953
100
4352
6634
3392
234
1739
3174
3510
6948
2411
2175
1571
1279
683
7385
3071
3512
2589
2364
5322
4688
855
413
3866
6286
3888
200
1216
5931
1131
5446
2681
2917
6942
43
2059
7122
2306
3574
617
6987
6538
3651
6550
7199
3901
4623
6847
6361
7261
110
4062
245
4015
7386
6743
1016
6731
7271
4992
1906
1077
5265
1162
655
2474
1140
1924
7075
3272
3043
5810
7071
1148
348
7360
3230
5672
2949
5028
6580
4443
4844
5659
6891
1791
4505
5957
2736
5764
7381
6112
7448
1908
36
913
6013
1180
4360
2890
7264
2598
2746
6041
7118
1004
2773
7034
2664
7297
4083
1944
734
7042
4139
5519
409
2559
5913
4435
3299
1396
6919
7451
5246
7370
6660
3269
697
1146
38
6623
5759
5557
2872
2800
2679
3982
2186
1789
540
4681
3799
5956
5804
5706
241
895
5368
6673
5183
5617
2943
3632
4670
4120
4419
5358
6010
5540
5929
6475
6439
283
1909
5549
5404
1339
3954
4709
2387
6182
6658
3806
7167
3331
3936
535
6452
3522
796
5561
479
4993
5198
6828
2250
2476
6822
6227
3683
2844
3959
7248
5347
5639
6770
6426
4605
4200
6715
1536
331
6177
3330
257
763
4023
1384
2065
1740
5408
2038
3541
2543
7484
515
4476
4760
5955
1331
4468
4477
1425
4384
576
753
5788
528
2004
2401
378
4872
6071
3767
6319
7401
3913
6752
6473
1981
3513
530
1928
2323
1602
668
3500
5345
2242
2301
1460
3493
5110
6474
5201
801
2956
3379
7435
5138
1174
6529
7428
1330
698
4599
6025
2634
2782
3740
7072
5739
1862
790
3005
3336
5
953
1746
6912
5785
6509
2541
3134
6996
2796
6986
3271
7347
3620
2830
5907
586
1040
1998
2162
7481
5831
715
4734
525
1303
1973
5067
4068
2813
2018
4206
1991
5875
1712
4188
2599
2795
4369
1583
1825
7041
3663
7057
188
2157
1679
6213
7270
6065
1687
7150
5142
1028
6488
4996
5637
6593
996
5564
2239
3800
4199
6841
5383
2225
2618
4598
4039
2269
876
2297
2375
4344
6833
4186
3171
6727
329
704
6371
4399
3266
6149
5257
3886
5422
7439
5381
5450
5985
6848
2517
739
1451
3999
6510
6975
4338
1355
850
3690
4226
5378
2583
2631
5280
1249
2661
4466
4301
5273
127
6331
6525
3025
1833
5811
3315
825
4044
5700
1594
674
2166
7103
4850
5709
3855
7143
5658
3514
1225
5241
2865
5570
5146
5859
5812
5274
3837
1405
111
6342
5302
5908
4711
1538
5849
4371
5351
4315
7130
3215
6768
6480
2510
4374
7442
498
3301
7226
2619
7015
7334
4337
3895
1142
1438
1996
6674
6967
4870
2499
2999
1792
5663
2657
1878
5984
2084
6980
5156
6548
6573
3595
5176
5467
5691
3798
3097
4584
4391
4099
4852
2979
3021
6577
5792
6512
4826
848
3112
5655
1210
5232
1502
4021
5647
3808
6124
570
3136
3967
3257
1328
231
1897
4465
3280
6777
1866
7069
3213
1127
1744
3961
5579
590
405
5974
2977
484
1051
1965
6578
6209
5716
2526
3606
2518
495
2221
6511
958
40
916
1243
5708
6886
5486
5060
481
2524
4859
6231
4309
1891
2117
5892
4326
4406
1567
5934
4903
1920
1510
227
6351
5393
183
1667
1206
3064
3644
1982
75
3917
1819
585
5521
1763
3733
4291
3487
919
4383
681
370
3542
2892
1376
1523
5174
4819
316
618
3431
1635
2310
841
2802
1020
5693
6491
4123
740
6740
6366
7070
1513
4057
2064
5675
2133
3915
2322
5587
28
4224
2263
7194
5362
6803
2383
5543
3183
386
5395
1650
6389
1310
1861
887
429
1684
4529
4363
6984
196
3140
6800
623
5681
5475
6006
2572
6999
5217
3686
1092
3070
2670
2288
1843
6317
4150
3725
4215
6455
4407
2203
6186
2576
3258
7139
4499
7224
970
5119
415
5853
3815
7210
3166
5487
4893
2390
2714
1291
6692
2672
5316
5240
2338
3727
3612
4497
2756
708
7346
3860
1925
6819
4405
1344
4166
7257
5017
366
5819
3561
7202
157
3326
3240
783
2002
983
6136
513
430
905
5753
327
2046
3121
2406
1485
5466
1476
2916
1038
3232
5890
4551
5267
5077
4428
5321
385
3417
336
1917
26
2899
1095
1479
4070
1048
2845
125
4706
2585
3889
1187
7294
805
4999
1135
1517
2920
6387
2702
7379
6360
6158
5026
4324
5403
2475
5111
765
3992
2625
4019
732
3187
2340
1725
4118
5614
6203
4708
5713
2565
4686
6807
6061
614
954
2243
5821
1942
5177
3457
3623
7182
7190
5644
4508
4957
6904
691
4990
192
1526
933
6827
4567
5498
6099
2359
1612
3834
6744
6337
7339
7093
630
4541
1280
3782
1961
3322
6269
4213
7094
3779
2256
4749
2209
2987
4901
2226
4638
1449
3007
7195
4572
7328
6288
5794
5906
4442
5444
5327
3863
97
117
293
3243
1726
4400
2121
5595
5061
4480
4237
4514
7317
4386
1842
194
4691
7375
2326
5278
470
2354
2367
376
3925
6956
4341
5824
1159
5977
1882
2286
2132
6551
839
2815
4644
1723
4001
7398
1354
6576
6737
652
5535
2407
6050
811
6725
2167
87
2566
1716
3822
728
6012
1591
172
3219
3226
1898
789
2276
5235
6693
629
685
3287
4489
392
431
2245
2906
2713
6536
2626
5678
7205
229
4282
690
7305
5055
1190
4836
6806
5803
1150
4051
2568
2653
3933
7309
3017
5203
6885
3717
791
6349
7331
5975
6091
426
2587
156
3757
1983
7168
1426
1769
2497
6964
7295
5154
2880
1576
2023
5359
6570
1151
7052
2302
722
6733
2490
4065
5715
556
2726
2609
2765
4413
1403
7120
4703
7324
1761
5743
6278
4887
6333
4003
6367
4740
6160
3719
2988
4764
391
7044
4159
2376
1705
852
1823
5353
5857
4783
4035
30
6116
6705
1107
1042
1316
6001
6217
1999
4796
3453
5891
986
2643
3981
1166
6194
3922
1566
6870
6782
60
820
3977
2525
4924
5886
2328
4357
6471
7459
6850
2118
1128
2073
2060
5542
6324
7234
1063
6938
5431
1662
6863
7405
444
3320
4683
718
3178
371
5445
6023
3710
3190
911
1753
6618
2502
1914
3655
7048
6587
6137
3857
6663
6104
4730
4412
7423
7472
2300
2477
2820
711
6386
6683
6314
4811
5308
416
2913
4420
6858
3923
6068
2452
7307
6287
2948
5997
3048
32
4058
592
7421
562
4685
4665
1498
7299
5656
323
1153
3642
1258
3490
475
3996
4359
4875
5012
6059
2531
598
5127
7460
5036
154
1338
2498
4722
1507
4117
319
3412
1943
1941
3440
1018
7128
2283
1387
3771
6241
2295
7126
354
5314
6760
2537
1313
3496
4312
5512
7184
4513
1969
6218
5427
118
102
7327
3231
1895
5328
2337
2378
3584
4494
4671
6018
2344
4145
5684
3018
2767
6958
2990
6002
3622
2908
1758
5165
2996
3200
3777
5435
1219
5793
1012
4532
6121
6926
4462
2648
3159
5513
1309
4502
5401
1227
2163
1001
59
2100
2947
2871
4458
2835
929
5245
7165
975
4431
6914
3525
5164
6128
2389
5894
1362
1259
3499
688
1886
1024
5191
2654
6974
795
778
5748
3129
1248
3586
4791
5040
5453
3646
3275
7211
1607
1655
4069
6296
5199
1565
810
5664
4307
7311
6046
4943
1600
49
1271
1735
33
47
3675
6542
2771
5173
4697
7301
4970
6615
4820
5341
3250
2381
6704
4663
2861
2605
1144
6420
4724
122
1149
1674
1851
6320
671
6130
6604
6044
3010
6379
2366
2992
4882
5602
6929
6730
7352
70
2180
1902
2188
5069
6117
2083
1267
5699
4038
3123
7079
5179
4229
5206
5258
4743
3569
1474
6457
3940
1587
3433
4938
6176
5766
2944
4030
3100
2608
5118
1005
5848
3255
5919
2115
3722
3582
1287
286
6411
4797
1561
1177
4364
4973
7175
1896
6747
3880
1580
1367
486
4343
5382
6040
3516
1721
4594
6015
238
6669
3536
2478
3469
4131
5546
4109
3416
7364
1835
6653
6805
4244
6519
3149
3846
1336
4958
3038
4927
5651
1539
1619
6620
5865
6976
1952
4998
2456
3047
4645
5291
215
997
4370
2742
3420
2395
4361
1745
4160
7332
1487
1681
3879
3259
3072
2927
792
4511
2361
4526
1273
4972
1481
440
645
5646
4198
560
2615
2332
5247
4845
2144
1406
1880
1009
4913
4622
4886
2960
1558
6196
7152
2637
1
20
2402
1695
1413
6169
3975
6784
7173
4803
6372
1308
3596
663
3045
2995
6419
2907
4410
3077
4718
4556
802
2042
6105
7157
3836
2071
5388
6516
2003
6391
4052
593
1669
2523
4478
4294
2319
81
6584
4763
3948
7077
6616
1231
31
648
5438
3544
6178
504
390
2593
4348
1214
782
220
7425
4906
4180
6672
6408
2889
1872
5307
7445
6234
1204
527
4127
2901
2006
1323
2912
4197
2047
4772
5648
2747
6055
266
1783
834
4687
2388
3075
6022
5078
5374
4994
3718
6253
3467
4426
4528
4523
4111
1934
843
3703
7085
4553
1390
950
5169
676
687
6691
5868
7136
3883
6030
3042
6954
7236
2377
2520
7313
5674
976
6520
1856
819
6809
2508
395
3841
1118
6281
1499
6499
6036
3225
1815
5346
908
3177
3091
7063
6718
2893
3150
595
1090
5676
3713
5478
1335
4680
1670
3944
6214
2703
1689
2255
5255
6133
588
264
1297
3502
1232
7228
25
6171
2436
1890
1560
4969
7129
5707
898
3126
1760
2936
857
142
2055
5630
1978
6383
1569
2315
2717
6119
2591
3810
3715
4800
2235
2339
309
2088
3164
3459
6969
6709
862
2095
3780
4092
900
6995
1220
6930
5949
3547
5392
3867
5829
2373
5095
6579
6027
2822
5982
2926
6830
1937
6181
1968
4411
61
5527
4184
2408
6785
6466
1054
7361
4789
7396
4793
6890
4662
5457
2312
6977
3568
5623
607
6271
3592
6875
3685
628
4379
1045
6409
5523
7246
11
2220
5927
2834
4543
7363
5551
654
6892
1520
387
7349
6431
1927
580
3333
3947
4140
2177
2282
1597
1034
3308
5231
62
3653
3367
2266
3784
4756
1364
1503
1533
5667
2564
5981
1690
6414
3406
76
1039
1444
4075
2410
6385
2805
3057
6624
6318
3127
3843
5194
701
4909
5983
1447
1839
7416
5117
5022
5969
5071
5962
6700
6923
1193
1784
3401
5387
7059
1027
6901
4837
1342
6265
2768
55
2839
5015
2534
7409
2505
5754
896
6523
781
621
2929
2170
1256
3918
63
7288
872
3096
5288
6146
1260
4588
2200
2665
2419
6049
3736
5607
1068
5883
1640
1950
3305
3803
6432
1317
6998
1290
7162
3460
5052
1585
3792
6043
1255
6971
1641
1584
2542
6902
5758
3870
5578
1228
4702
5123
6815
201
956
3816
2135
374
6083
328
1301
4596
4296
4738
7231
3775
1505
5555
2228
3594
1617
7181
205
7457
164
3626
5586
1121
1194
7110
5627
1608
3205
4302
4218
1062
1814
5332
4544
7198
4271
6108
6201
3503
3671
7477
5773
532
3532
5050
4381
5103
1971
29
7326
3887
6555
4136
1820
6571
5153
1337
6345
1979
1071
3787
922
7418
2708
1456
1329
210
5583
2934
5443
4320
2351
2706
3647
1070
1126
3601
6911
1722
5009
4375
3796
6968
7207
2586
2267
313
4770
2735
4864
2968
7163
907
5058
2833
7024
466
6533
2150
7046
3196
398
6074
3337
1623
4747
6869
412
6835
2825
5402
2873
4884
5710
7383
4604
2808
3008
195
523
4274
6393
7092
3343
4640
4240
4586
5573
2293
5243
7266
6985
6750
4323
5620
1394
4107
4133
6500
320
310
2238
760
2152
5893
3262
3365
1810
7179
1125
4027
5068
3081
3702
3966
7114
5334
5577
2463
3209
7269
6741
3099
7412
5064
4304
2372
5777
809
2070
644
577
4771
6631
6037
3790
5412
3912
4659
4831
6720
1757
4755
2610
2041
3235
6916
1417
1519
230
4005
1949
5950
4904
4926
2343
2275
3349
653
871
5115
6728
4812
3141
3898
6899
1302
6153
98
5304
1173
2362
428
6058
7230
4222
1945
6607
2072
619
2056
584
4707
2423
181
4319
2116
4757
1172
5490
926
879
1076
564
441
2924
317
3408
917
3281
3093
2482
3004
2271
3924
3391
6096
1683
3748
4843
1217
1677
4169
3701
3945
7397
5285
3438
5703
5687
6407
536
742
678
874
4157
6876
5593
5769
538
5815
1627
7043
6857
2139
2037
5825
4153
6034
3137
3997
1834
995
153
6229
3812
3055
6642
3829
3664
58
3464
4004
7
1774
4715
2994
5333
1926
2161
6139
141
5114
5091
512
2270
7341
6264
2701
4211
3900
6943
2853
3832
2214
944
4633
4915
3268
1631
2082
6011
6966
6089
1577
6212
3456
6654
2171
5272
7329
5842
940
4576
6838
4087
835
6060
3400
1369
1366
5219
338
5020
5305
4347
7256
696
5771
3892
503
7487
2578
4121
1912
7006
849
2668
7240
6187
737
814
1253
4056
3744
822
4964
3839
6820
4626
893
6101
6945
1495
4086
818
6309
5434
7462
6812
1415
424
7142
4290
899
7191
1208
5599
1748
3797
7255
7039
6007
6549
1818
1088
2931
6643
2473
464
2195
3489
3354
6867
3418
1658
2444
4874
4653
3570
6939
6627
6256
2878
1276
6114
3859
5093
6438
2363
4334
5530
1534
2355
45
7393
5946
3192
1089
4397
2058
6769
355
6284
5615
5896
1411
680
2392
6823
123
5129
7141
6254
2433
6238
5884
1582
1694
5882
2412
4205
4126
3101
1358
6608
1158
7220
973
7076
6706
7005
4179
3395
5601
5032
6754
4776
4849
108
7066
3329
5004
5914
533
4134
6613
1518
2119
1130
1199
2836
4885
6381
723
248
2545
3783
5225
4930
4017
2743
5936
2843
5113
6843
145
7056
6652
3292
5930
541
4813
492
6316
1065
5948
2292
946
3742
2385
4630
5789
3494
2955
3564
4557
1691
3581
6352
5226
6403
1133
6028
289
1544
3721
3754
4609
949
1719
5921
79
4579
4182
5157
3212
5778
216
5215
3462
3338
5481
6738
962
1522
4024
2480
1764
6553
1756
573
6562
468
505
4561
4170
4174
6240
761
296
314
1046
4890
1645
5182
7035
5108
3795
7096
260
3972
2612
3902
1084
2859
5344
2993
6482
6637
6063
3856
977
3739
2620
211
3113
600
2697
223
2120
5727
491
7454
4277
7144
2396
3929
7345
2108
3317
6216
3990
6402
2711
705
4187
1737
3897
6493
679
2494
1841
1321
3398
3203
6215
1306
2007
1638
4767
2680
6908
6605
1955
109
1281
3980
4624
3840
1697
474
5922
3435
3079
4916
4832
2371
1286
2160
3425
5325
359
2027
190
6922
3820
6713
552
6671
2081
105
6106
5038
2440
3548
462
2846
3885
6567
4095
974
5787
5131
2435
748
490
6574
2314
3388
1168
1380
6005
1288
2079
67
4425
2511
3476
3120
6487
255
6486
6362
189
6159
4518
2451
3869
6528
2159
469
1446
7384
4967
1864
2720
1299
6067
2101
2492
6090
738
1436
5101
3687
279
6927
5562
2131
5737
594
4897
5063
856
6294
4427
1407
5895
4404
3087
3533
2676
1869
1283
4365
3991
3899
5276
3316
6454
460
6152
5673
1793
952
166
699
3054
6115
7237
7010
2946
2404
3443
6249
2910
2172
4498
2603
6928
1668
4888
2938
3970
2353
2636
1035
2776
2247
6877
1884
3152
6935
454
420
713
6774
1854
7306
1332
7166
453
775
5686
3825
967
5779
3059
4945
1056
1103
2143
1801
7021
4988
6694
1724
6433
4748
3704
2985
5701
7192
7091
1918
4574
2021
4232
168
5995
365
37
7304
1230
745
4774
1221
2778
4564
774
6921
2491
3201
4773
5181
6183
6851
2212
2039
3669
5096
4267
1104
494
1570
5338
6506
2342
3295
2341
5442
361
5806
6719
4090
3341
2356
6611
7276
4672
3694
6625
2122
3636
6872
951
5869
2951
6073
1475
2663
6459
2123
4175
4362
3599
6897
4332
7104
2431
6933
1826
1959
5324
3813
720
1817
6797
2698
4050
2840
1948
3566
1269
1167
7378
324
4305
2500
6598
3372
6903
5261
5509
861
170
4204
4554
2053
4649
1115
5926
4860
5801
4201
990
2151
5365
6816
4536
7102
4190
2416
2350
3852
561
5149
516
2829
3104
4306
6664
6335
4043
6644
6189
4167
882
5901
6477
5582
746
7283
7369
112
6505
2781
443
1434
3246
3307
1233
341
2076
4779
6311
7400
3142
2504
2279
3107
1393
496
1808
477
3648
845
1601
807
3511
4823
2424
2488
3828
5783
989
4064
1543
2017
2838
5744
3963
5999
7040
5469
3162
4966
3029
6889
3206
2360
5654
2012
957
5252
4453
6268
435
961
6306
4894
979
1966
3654
1010
4817
1124
5056
372
6057
185
5484
635
5589
2054
1574
6647
3014
1777
6175
295
5425
2102
1120
1779
4033
7426
457
1613
727
2860
3818
1853
4558
3376
5369
6045
6910
2852
3276
6244
5413
1508
1182
1091
5010
2189
4049
4742
808
5195
4929
7290
6483
4325
3741
2324
332
5049
752
4625
4788
5006
2897
6517
3108
2153
6619
1226
5799
5178
162
4979
4467
1868
6543
7060
3454
16
5537
2607
7193
500
3114
3389
5618
5104
6162
6527
7336
6322
1788
3109
4729
5632
2571
3946
4486
2529
7016
3854
2068
4172
321
2584
4853
1397
2044
5389
4937
5211
5197
4739
7203
4261
2369
2509
4589
1704
2716
3649
1109
5175
4658
1564
3864
4349
3011
4390
5449
7155
5375
7413
863
1222
7272
868
736
2674
5705
7064
1041
5002
6496
187
4941
6581
4472
5436
5502
4191
5090
5297
7177
4928
4934
5329
6167
1050
4827
5041
3427
5688
1632
4563
2686
1642
7087
1465
6601
1044
5065
2265
2400
634
5300
5244
4980
2848
5998
4608
3708
1625
7432
4751
3153
6392
806
4209
4469
3484
5455
1031
5112
519
6962
423
897
3397
6924
2986
786
4995
1765
6257
2168
1960
4949
3016
1827
5571
4677
7149
1987
2622
2485
4808
2331
52
984
639
1553
2837
4794
6952
3905
307
4032
6818
7209
136
3545
4328
3530
1414
1218
4042
7245
3468
3760
2368
6406
7357
3712
7358
5366
7468
6328
6291
4907
5638
3520
