3257
4912
5874
3001
7354
1630
5747
678
7367
6874
3509
7138
2705
1497
4005
4072
879
2584
4339
6093
820
3149
6780
4375
7152
416
972
1546
6014
4041
1960
1067
1292
4245
3385
6466
3584
1476
3828
1472
6502
4349
7459
2814
3839
7448
6184
6325
1429
11
2590
4983
7480
5008
2016
3453
1151
514
4490
1912
2011
1550
215
3946
5782
3085
1272
7432
2530
6625
4815
1815
4735
5077
711
5666
2492
5123
4419
4654
384
3224
3417
2768
2757
2681
3568
6851
1012
4301
1991
5151
3701
5236
2027
6666
7447
5695
3848
2570
2744
2219
5993
6457
5023
575
4194
552
2193
251
3662
749
5984
3674
1962
5184
873
2579
6124
3733
1813
3998
4759
6788
4570
5066
2910
2651
7465
2770
7191
3937
6176
1072
4757
2125
905
2483
3901
2054
3955
3669
2692
2846
2174
3033
3155
6813
845
6366
6306
2017
7099
1963
2212
964
4476
3903
6900
3114
3838
618
4733
5525
5332
470
671
4543
7366
3497
2942
1492
335
3462
5016
5197
2682
1080
3414
7263
5415
5135
3438
614
3935
2205
3796
4083
2090
5619
3225
6720
1649
2156
4220
7000
1620
2585
3266
486
7039
4501
7062
5285
2929
4294
3569
5109
3068
4617
5266
1086
4744
5058
947
5250
4500
1950
1914
4764
2503
7446
2690
1922
51
7166
6226
2804
5149
950
3139
5653
3376
5712
135
4710
4018
1627
2971
6779
6143
1530
4882
7401
5454
2885
6448
6595
6652
936
2949
95
381
802
7436
2010
2375
7355
619
7392
3316
3024
3716
6936
6683
2723
3844
1326
1645
5183
3810
3275
1138
2206
5877
6385
2640
1622
5795
1161
259
5667
927
6484
5294
432
3967
4661
4684
2299
5537
3855
4236
7066
6566
591
6603
1590
222
4361
7251
5422
3815
4529
7083
769
6608
5842
1989
1295
608
4572
1264
4717
5369
6233
4814
7009
5128
3250
5046
453
5175
1456
2497
1725
6612
6433
3858
4210
5914
2417
5790
634
6127
5144
5193
1821
3247
1434
1386
7444
838
2887
2031
2747
4200
6878
5835
6322
5234
1613
3134
818
647
4728
5743
271
2750
1287
4260
5096
7327
7422
6197
1767
2406
3485
6378
5430
3423
4534
1375
334
310
2153
3180
134
3850
3393
3271
2502
4527
5823
3398
6643
5362
4252
4006
4118
5634
4711
7479
4420
3020
5475
1415
7204
2267
4215
293
3429
3283
535
302
5037
874
1119
5696
60
3370
5101
5811
3212
3439
1300
785
5819
2933
1399
6479
5297
5426
4559
4967
6166
3129
3736
1341
764
2320
5820
7320
1778
1722
4172
5682
1396
1368
1742
1312
4061
6157
6193
3402
138
1658
7267
1197
2189
7333
5587
4692
1536
3599
2262
5788
7164
3864
3197
5592
860
2490
4219
1417
2632
3643
2519
1404
1615
6358
807
746
446
5283
4239
7035
609
0
3368
5829
4850
5708
299
544
3782
2255
1431
6891
3305
1216
635
852
938
3549
4290
2001
561
1051
3016
1755
6872
5325
3504
2722
2420
2062
3240
7177
4173
3174
5932
4855
5975
5081
6214
424
3531
6727
6013
2709
4166
4896
1314
1001
672
2701
1879
6641
3407
2930
832
4179
5200
2953
2512
900
5792
4823
3606
5335
5514
5119
3724
7013
2716
3559
2881
906
1449
4053
2093
496
4513
253
3745
2914
6582
2917
7226
983
6361
4702
4719
3288
7232
5370
1667
4937
436
3059
6263
3717
5618
7425
7195
2995
2333
6241
3575
4068
5157
4775
7260
3894
5311
4441
4352
3520
6707
4671
4688
439
6901
4875
2567
4725
1977
3051
7148
408
7329
3343
4994
1220
2527
468
6781
7065
6064
5260
7318
3869
1113
459
7340
3018
364
7237
277
2487
908
7140
5433
3081
3230
5700
833
5834
6590
404
5873
2788
6313
662
318
6937
4909
2848
234
3397
2818
3842
1563
2619
576
5596
1128
2351
4448
2392
2060
7154
3528
1572
1779
3375
759
4770
5705
2353
2186
2539
1706
572
150
4838
3328
371
3431
6535
4140
7295
6541
1873
5784
233
5238
4526
4182
3686
5178
5061
5467
4316
1424
3121
2180
6389
7149
5027
5278
3811
3123
3242
388
7410
4619
1095
5529
1414
2199
4314
6701
3685
1822
4789
7097
573
2610
4468
6910
4964
1439
2800
6063
1662
6831
4254
6088
513
82
3843
707
5091
5826
6849
2617
194
5583
4463
2781
5843
3801
1112
201
6893
1801
4122
428
4010
5847
4199
500
2386
5271
5891
3022
4905
6840
7285
2345
5120
5927
263
2076
590
7139
2069
1408
1946
4126
6394
6993
2341
393
5963
1918
3131
5602
1116
2862
7085
448
58
1474
2271
5084
4819
2210
141
5051
3929
3750
822
7395
3499
5536
2763
4992
777
2275
969
5080
3160
285
602
1382
7245
1141
6183
5310
2266
4274
2318
2360
5836
7418
776
3261
6807
1385
6657
4306
6269
6353
1925
4835
2773
3176
6769
4446
1889
1077
6195
1557
6246
3523
6558
3514
540
6923
5110
1702
2854
1683
473
4911
48
5740
5171
3287
6256
245
1695
1607
4428
4054
2905
6619
1519
2260
6873
7155
7215
3171
1731
7276
1045
6736
1199
2779
6597
3702
1864
5939
1606
3060
1756
5539
3030
7292
1005
5445
6631
2083
244
4813
3112
5374
3220
6613
5088
105
2446
3771
5212
5995
5329
4769
6188
2533
357
2263
6402
5104
669
4991
4073
3640
6383
3434
1428
6363
1851
438
4597
6152
336
6843
6050
7269
956
4436
3761
5805
762
2620
3987
52
3680
1559
948
3936
4927
7005
3347
2969
594
555
4234
4086
3829
5722
7445
1624
2775
2259
7028
5386
1407
6286
5688
3472
2643
4674
7287
804
1573
1784
3371
621
2688
1676
5085
6519
4135
5373
3809
5071
6027
6844
5375
6393
181
4040
2445
3457
4007
5185
5288
1705
977
4549
1670
4331
6031
1913
3744
6159
2457
2170
2534
3807
1787
2464
4623
1099
19
4939
4892
6476
46
6767
3551
7206
5744
928
605
7057
3971
2934
3201
914
4782
6501
1193
2719
3451
2988
3668
4235
3464
3542
4113
1065
7393
6981
4826
4632
1035
5067
7371
1330
4718
6662
834
6276
4496
2257
1629
788
3008
5233
2336
3536
1599
7247
4943
543
5286
4968
4788
7258
4202
6909
2657
1596
5079
6185
7096
3002
5652
2600
2711
5997
5992
3009
5950
4940
2419
6177
6304
2576
1602
732
1600
7205
7004
3914
1699
5962
147
5498
3913
7242
5056
4862
451
4886
5432
7385
4209
1457
307
6060
1521
4206
2771
3029
4102
5302
3623
5408
6368
3631
434
5511
4973
2602
3234
3217
6987
331
5298
6271
6648
2109
5220
4404
6645
5720
4706
94
6696
6660
2793
1191
4243
6862
5636
5945
6278
4974
911
6260
7081
4601
653
288
7089
7337
4415
1353
3719
3162
3926
6103
2243
5402
5745
6217
3235
6530
6999
6357
6480
2794
2032
1657
7239
5532
5549
4761
5420
3793
1448
4075
3962
73
5848
2184
7368
6474
5827
3032
6373
2859
3804
1034
2966
7078
466
3012
2250
1482
3184
959
5484
3508
5888
768
3320
7186
2311
3785
3401
5163
1961
1894
2347
4587
3392
4936
655
5098
6876
6973
2377
5287
2646
7259
4108
168
170
6962
801
47
3038
4714
353
1184
4595
1849
3708
6125
1348
4213
1186
5879
6768
5711
7482
2782
5854
1776
400
6114
2380
2282
2613
6282
589
208
3070
367
158
3185
1041
1672
6161
6130
1301
7048
623
6459
6669
6594
7402
4509
5515
5815
2844
3965
2798
2834
6932
1227
3373
4226
4156
690
7171
361
6918
6341
6078
1275
5691
2564
3455
4554
2003
3610
7348
6332
4916
2088
6569
6811
2043
2968
2329
3525
3158
6995
6646
2020
2864
6478
6473
6825
228
4208
7161
4023
2110
157
7108
4697
7408
998
4119
4755
4175
6043
4377
6419
2754
1881
895
6360
2663
3573
2645
2518
1255
1718
3814
7396
378
1728
645
6543
751
2628
1739
4876
3957
3238
7365
2956
2340
6758
5961
3111
6618
6870
5092
2655
5506
991
2755
1029
2460
3450
2421
1738
1878
2107
42
5444
7071
149
2324
112
3682
97
4705
1653
1544
2241
5237
5452
2831
6442
1558
3932
3260
1237
3853
6208
6803
1129
5955
6253
487
7167
1168
3970
4681
5806
4590
1970
6351
3572
321
2524
4485
7274
2820
2641
2452
4188
1016
6883
3614
1153
1541
3418
242
4044
5267
2239
2390
6515
2538
1593
3372
4185
2021
1804
1453
2261
2542
5255
209
649
1092
3088
323
4121
4317
4531
3471
5659
5998
6288
864
3922
2374
2095
595
6405
2423
4089
1339
2857
2624
2281
4469
4204
2866
1709
6616
6465
401
1450
188
5865
3534
5898
902
1155
1898
1422
6424
6145
3399
250
1213
7136
5739
6290
213
4872
3800
5476
4722
5713
4724
474
5274
5357
4423
502
3660
4014
2696
2996
4906
7467
7252
6320
5456
6053
2526
4752
3590
4421
5308
1409
1303
1934
7289
2468
2251
2630
5615
457
1967
23
1501
5907
3118
3555
3270
6960
2451
6954
3446
1106
1671
1724
1537
6219
3833
5606
2662
2669
5564
666
3209
4923
3870
1403
6747
3177
5855
4713
1927
1359
1117
857
760
4157
5732
3138
5648
1820
6565
7463
3527
3763
4753
5192
5380
1280
4645
4907
3624
2902
1585
3537
5282
5626
2130
1048
2638
6492
7469
3467
5069
2635
4562
525
5143
3086
3334
3729
3391
1306
3863
1969
7210
360
6295
3541
3294
6296
5440
6940
7404
6846
4298
1021
3754
7301
4371
6905
5114
3278
7103
2811
5901
3552
2954
6011
1247
2582
5265
1609
5126
2013
4120
2081
4679
4540
1014
3663
7431
1166
6414
5053
6517
6898
6513
7053
4499
5860
7353
6489
6245
4001
7443
1211
3737
262
365
55
658
2829
1509
6659
171
6765
4275
7197
4683
4139
4651
1987
5658
5389
6175
6524
6963
7322
4183
4132
5582
912
3905
2761
1788
2958
4663
5182
2665
2306
7163
5678
4399
7391
4919
79
4541
195
6719
2515
3959
4868
7174
61
3280
7315
7362
5034
6499
6667
3357
1126
4434
587
695
6227
5161
5209
3083
3105
379
578
2897
6180
1980
328
5875
1201
7439
5540
6869
4008
4918
5990
5382
2842
1838
2059
7127
3634
161
1796
674
1741
1046
7326
5736
4820
261
295
1540
4622
6196
6204
784
995
893
5554
4091
4033
704
160
3245
2821
6526
4022
7421
1397
2618
6821
1120
1505
236
5828
4354
7381
2051
5322
6388
7449
6688
4289
3968
7015
3445
5492
418
6510
1269
7144
1940
1589
560
6409
2753
39
6198
3087
4556
4458
3881
3554
7049
6507
1074
7279
1895
1690
4569
3698
4608
6533
484
5716
7423
7403
2580
5694
1491
4295
1137
7189
2817
1336
7358
4902
4263
5378
6498
4687
6211
6796
5767
6123
306
5830
5284
1436
3556
3710
5331
5367
4965
2702
6102
462
2160
189
2047
6881
5593
1740
2801
3503
3974
6308
1039
5442
4611
1115
1924
5778
3747
2295
3454
630
3960
4673
4873
56
967
4954
6751
6828
2265
7021
3921
6371
847
7236
3045
5412
1562
6443
18
5318
423
7380
1356
2879
4480
6323
3156
2939
1843
5856
2115
4425
7059
422
7349
5004
511
6334
6142
1265
1452
485
4612
5172
934
5388
6285
2321
4944
3428
1181
2211
3794
6562
260
3980
526
3101
3195
3244
3986
3947
6147
580
5063
120
2851
2395
5387
164
4412
6922
3017
89
5929
6081
6715
5852
6111
193
2634
4387
5800
5199
6916
2974
2120
7230
5508
1655
6744
5018
3360
6352
7036
4618
2587
5575
1416
5253
5690
2735
7094
2545
405
2207
1919
6275
5337
3302
4280
3645
5935
4861
6347
837
1733
571
6971
7435
919
3550
5213
7360
4216
7042
2197
3189
2289
1604
3720
3322
3891
1764
5701
6865
2350
5670
4127
3813
4299
2364
2683
3539
2172
4857
3419
507
7224
5717
3377
6959
1053
2175
1232
5312
7175
4700
3633
5987
527
2642
1730
2202
1042
6889
1010
4348
6746
6085
2131
1711
5976
2362
3004
6858
2026
2301
4553
5148
3227
2407
5958
2161
2991
6786
163
5035
4398
1321
354
817
1945
1735
4972
1154
6827
3756
5524
382
5113
2389
6128
4904
33
5512
1854
7249
1163
358
774
1882
2606
1322
4977
2816
3396
71
2433
612
1028
2677
3949
6415
599
4036
5290
211
4144
6237
5643
4521
4640
7173
6265
5570
5036
1372
3427
3488
5272
2224
4675
3011
6885
2039
4184
5761
2084
7147
7472
2030
4190
3358
1717
4116
1935
287
96
2394
6057
3993
5770
3851
6877
3703
7123
3336
3148
4076
7178
577
2403
5905
625
1274
7330
3355
6816
4315
2500
3315
6375
6058
1643
5428
303
4151
374
6428
3297
6054
4343
6705
745
1591
4449
886
77
4453
579
481
5941
455
2884
2855
3797
1693
2063
6911
7450
5350
5400
5599
6213
2087
6305
7209
3218
2365
3502
7134
6586
2767
2856
6155
3625
4304
6842
387
5208
871
1150
3136
3386
113
2511
1096
2237
2373
7359
2481
1107
5502
3516
1806
6381
4211
7288
6026
1982
7266
739
2888
2064
4066
4283
3862
6406
5191
3726
3764
6257
1044
5338
1488
1619
1981
1208
2432
3272
5520
1641
5978
1294
2501
3622
3413
1892
2499
1031
6318
169
2169
6794
391
3241
1178
6756
1189
1833
1923
891
5469
5638
4104
5205
6509
1377
493
2052
1921
1210
6104
4942
417
4567
1279
1534
4727
1466
206
6354
3159
143
3103
4594
7342
2837
6815
2194
5608
1464
4360
6945
6496
1236
6806
1423
2426
3628
2654
4109
6109
5983
2397
2505
2758
276
6268
6315
6082
2737
8
5814
99
978
5097
5861
2560
5676
3040
2290
3007
4628
4445
2717
330
7298
3587
2992
5522
3054
176
3670
7040
4012
1579
3203
5170
6655
5409
7302
2337
1282
2449
2455
4128
7293
166
7001
5217
7122
7213
4830
5243
1433
2379
7316
6977
6005
4999
1556
420
4677
4790
3805
5240
5699
1102
2952
1597
1792
2308
3
4816
4344
104
6339
2314
3836
3579
3229
5022
6752
200
6006
2686
6231
3684
2264
2339
6711
4955
2850
2541
3350
7325
5072
4577
3835
6661
3678
7151
7054
2833
5867
7290
4760
5291
2835
7311
2283
1823
6344
1317
6462
6663
5173
2138
5960
5853
24
4230
7113
1666
2126
1586
461
4841
5610
4845
121
5347
1238
5841
691
1217
646
681
6554
1172
6516
6604
2203
159
6996
1140
6132
6370
913
3249
1665
4082
6633
5042
2535
2196
4685
435
3064
4957
6676
2661
3822
2522
6386
5982
2053
7309
4507
2572
2201
6126
2945
225
2636
1814
3543
4740
1025
3874
4063
4240
5754
1560
3681
136
1954
3422
6158
2227
5674
249
4585
6117
965
6681
5719
427
1828
522
6387
5070
4159
4751
4985
1877
1701
2571
5099
2670
4094
6520
1244
2142
1999
6001
1496
2592
1299
1663
4452
2697
5073
6731
2900
5304
146
3609
7158
4853
7142
725
5153
1777
4397
5917
6447
20
4457
2139
1069
2941
2752
338
340
1543
1100
2022
7220
1552
1503
5232
4032
6772
1870
4369
6829
6685
6703
2845
867
183
6852
2604
7428
1316
2014
5437
931
1850
780
904
2355
4544
7179
3339
32
7398
6274
5393
3942
4523
3173
5031
2086
3790
270
1972
429
3689
4070
1502
6553
4693
3885
2034
475
4052
5780
5064
2529
1098
4843
888
2268
5503
3268
6153
4797
3612
1623
4555
3394
4596
2766
3356
5423
4440
5655
220
5259
3199
1647
1860
1583
2812
5013
4321
1318
3900
6379
5107
4613
1884
823
4548
4537
1062
6229
370
5565
5398
1542
4959
4952
6988
1083
1307
2764
735
4392
2796
7416
6086
7246
3374
689
6171
4384
5054
1315
92
3574
5074
1114
531
5611
6004
744
7132
4494
7192
4833
1479
2292
2893
1758
4768
2999
460
4890
5391
712
4096
5718
6444
1064
1136
530
2436
1144
800
6939
6605
2955
5465
1271
1612
3928
1219
1875
6774
2867
102
5068
3823
2117
4636
4351
6917
1320
6310
7014
2559
4668
3057
7231
3906
1390
204
5601
2434
7240
5894
1052
7008
3603
687
6903
2675
3222
6894
729
6471
3589
3215
5810
3092
5632
922
6201
5264
2461
1920
4520
2708
6439
3130
3593
872
2157
5162
2895
1284
1475
5360
792
961
2751
1249
241
6623
741
721
7044
1148
5316
1289
7304
5227
2368
6617
924
4869
397
2278
5840
5533
504
3484
2235
4600
4362
2727
1354
4465
5251
5769
1516
5229
6647
6481
2369
613
3433
4427
5951
1344
583
198
7162
1009
4329
3892
622
1000
369
7324
4930
5620
6391
4333
7207
5270
1785
5777
4852
4646
2233
1146
2608
3627
2578
5041
5677
6861
836
5734
728
6787
6273
1698
3837
598
2664
4396
3626
1089
1749
5453
6564
6215
3649
5803
4336
1580
3094
1951
5812
5825
1978
386
6814
7284
3263
5621
1013
5249
5111
5703
6464
6728
1160
7233
212
798
4087
3014
5968
447
684
985
7055
724
5887
943
10
6521
1273
3760
6952
2304
1288
6121
5245
791
3816
1511
1461
286
693
3832
2679
3388
2188
1233
5625
5204
5324
937
5890
1985
3916
858
3307
2151
2342
6079
4078
2298
2815
7199
5926
2128
6312
5702
3784
4025
3661
83
2871
4707
349
2926
2008
2382
1252
5999
4308
1033
6804
6399
2147
100
6762
2393
5973
5473
3267
6049
955
5395
3080
7056
3976
4460
3469
4081
3808
6585
6051
4720
2144
4169
3299
5397
5548
5903
3563
3144
1221
1494
1499
2198
5334
4205
5477
2769
1463
7052
4699
6136
3290
7273
2477
1357
7067
3262
2993
5152
756
6817
6632
5303
7265
5581
4326
37
6607
291
5133
6350
3564
6983
5301
3727
5664
118
4161
4062
4546
1694
6427
4249
1260
3000
5542
1611
6598
1936
1097
7120
5684
2803
3404
1366
2962
2240
2252
4614
993
4285
6045
2409
2947
2101
1528
5489
4676
7214
1195
7017
2089
734
352
2116
6070
3362
6888
2178
1668
3693
6423
5576
981
2488
327
3028
3608
3636
5246
3648
1720
5179
797
4506
6220
1538
7082
3690
4341
6947
3920
1691
7382
7172
5868
5150
727
6522
3157
6587
6745
2700
7430
1493
4672
3486
848
315
3741
567
1332
5749
6750
2827
4901
5190
7045
4405
1329
4993
6099
6250
478
1795
5348
5560
7389
1570
4851
6692
2899
2614
604
4858
2863
4678
5871
4522
2805
326
3884
2916
191
953
3304
2400
6933
3973
3591
3442
6651
2704
5351
4134
5579
2612
205
2736
6674
3035
3506
1958
4563
6946
6289
5130
2658
1380
3616
3518
701
3277
4493
1846
675
2248
4772
5881
2656
4525
6682
2551
3335
1143
301
840
633
2326
6538
4962
1707
548
5006
1127
4237
3487
7159
610
7383
2594
6853
1171
6098
3332
3321
1659
6477
4058
3944
5478
4779
4970
490
6019
5414
781
2317
4334
7128
5281
2965
3650
4370
5349
4931
2408
6140
1794
5598
5434
4186
5187
6729
5314
3293
1022
3015
5470
3570
5005
2119
1194
4045
1470
1896
5146
1308
192
5604
6671
7235
3896
450
4561
1319
3491
6644
2721
6191
7268
2018
3911
226
3046
6431
4471
654
1378
835
5966
4581
557
4214
1640
3975
6311
637
4382
2924
3788
2950
5706
3607
3061
6112
6763
6636
1082
1780
1810
1122
7041
518
3331
4847
5401
2577
1304
2328
7314
3769
359
881
3200
2041
2777
2852
4574
116
6259
4762
4487
1188
5949
5248
6403
6854
268
5132
4154
5102
1060
5885
4297
683
2678
5858
4824
4913
6421
1567
80
5969
4917
4250
6042
5818
3707
7090
1057
3361
4803
3295
3364
6316
6571
4795
2873
5911
5735
4390
93
2889
6138
2791
3954
6913
6757
7307
5203
2495
5210
4413
5483
6039
7111
3886
5543
7373
5093
7376
3449
1369
699
6926
5421
3655
1721
1374
1454
5994
4805
5738
6420
4028
4859
2627
1713
6778
6925
2937
6486
1750
3236
7047
6837
6470
6173
5846
6076
407
3255
4793
5649
375
2415
50
4
289
6372
2004
4951
1547
5216
6714
6105
2302
4021
910
6640
5908
7277
7024
4518
5693
2629
4538
3031
4615
2092
6475
1405
4503
2785
2028
5320
5001
4478
4879
6398
5534
2273
814
1286
5910
4844
3910
2936
660
2741
4694
1654
6181
5567
137
6953
569
4810
1235
2352
4474
4253
4963
4467
1055
3958
5785
63
6970
1634
3480
5797
6698
5481
6915
1798
7069
5726
238
7133
471
7437
5019
3037
933
1351
6390
7250
7080
997
5742
3963
1526
2847
2601
7046
6892
5605
1162
4124
1337
3712
2537
4435
6706
6003
1968
2813
758
4849
5724
4486
16
6451
6007
3875
3495
4989
6920
2548
4238
2740
6830
6425
313
1032
2437
402
1003
7104
5588
2725
3099
6998
1994
4300
3435
2204
3787
4106
4461
3665
2232
2473
7156
3632
3941
5076
2509
7286
1732
3950
2868
2836
5295
1333
3635
4950
2718
3285
6639
3329
4244
5464
636
57
2491
915
2760
2957
162
1869
5447
265
6839
4049
6065
3196
787
3069
2253
5177
1840
1809
859
4248
7441
4703
4426
6749
4307
812
4495
5896
536
1498
2378
4115
1824
6690
545
3994
1566
2959
7086
5578
6754
4691
7184
6850
7297
4829
6512
4809
6234
3847
4748
2145
4924
3526
6602
7019
5921
5937
2699
1723
1891
1442
4941
3298
3163
1598
1239
7375
1636
3907
3383
4026
2738
2323
5352
2543
7372
4358
5167
3517
4776
5024
1753
5086
5886
5485
4424
3739
6699
3326
6921
4492
6365
3314
272
5710
5775
1688
842
5007
4017
6797
3154
5268
5899
717
1347
3460
269
4664
5774
3076
6059
5897
4356
5181
1311
6200
1902
4034
6615
178
3067
122
2384
6795
5755
1459
4170
3410
3108
1545
4865
4593
5089
5254
990
4221
6330
3585
4743
4437
6106
6677
6739
1685
3306
6355
495
4455
6611
5341
6249
4192
54
5946
2557
4807
5377
2730
2986
4750
5039
7264
1708
3601
3192
4921
5550
4804
664
5372
4279
4212
1986
5809
3996
5010
875
534
4504
5979
890
7223
6407
5020
2892
6799
1373
4524
1400
1262
5902
5100
5094
4990
1524
182
6101
4758
4168
2877
2366
6859
3043
3073
5017
4229
999
2588
5685
1073
5405
1440
5915
6240
3865
476
6544
4164
5219
520
5553
1159
5796
6348
4477
3880
6734
3292
7384
722
6134
3687
794
1258
2376
2152
2371
2973
185
2694
5709
3919
3571
6834
2906
6067
850
6591
4224
6435
5403
4378
6073
3405
6551
782
2940
2896
1535
456
5646
878
2150
6555
6491
5970
5883
3778
2146
4915
1782
6190
3605
3544
1631
6133
5971
2035
6689
586
2422
4009
1391
3077
6432
4777
6560
4784
1938
1626
2162
4443
989
1621
5118
2597
6896
6775
4069
6023
6482
925
4648
2549
3289
373
4948
4682
1256
2216
3743
482
2749
3463
5131
5241
1856
5186
639
5680
5176
1532
1447
805
1632
4143
574
6467
6702
4345
700
2595
2938
2872
528
1639
347
3153
6087
1278
3432
5750
1090
6228
2943
1564
3493
3768
6868
2046
1002
1243
6886
3042
322
107
1267
1625
4417
3751
2875
1421
7409
6505
6047
5663
7025
4778
3507
5526
5673
1998
6965
2104
6856
5468
2325
3048
3872
650
4794
1202
7160
6968
6035
421
3783
4482
1268
2861
830
2780
3013
4037
5930
6809
196
2029
4980
4894
4100
3483
5368
1011
3096
5918
5448
230
2441
5082
1019
5985
5657
1156
5138
5479
6599
1928
4893
4325
6860
1242
6048
3341
3140
1071
6668
4639
4410
3459
1979
1068
4342
3444
1765
2073
616
1081
1
2334
868
5562
5882
1817
3830
4442
7323
2166
3969
5650
5315
6225
4638
5033
3699
3567
5916
4981
4871
1091
6976
1587
2140
5595
7126
752
6307
4656
3440
7131
6801
4340
772
27
7270
6658
4969
5561
3877
4787
501
1087
6540
5202
3384
7331
773
4609
720
2182
5731
7374
207
1157
3359
4552
5577
4887
1677
1808
5154
2521
3540
3190
449
5496
6822
3078
2121
6144
1841
1473
4846
3117
6785
3725
5319
2466
5488
827
6401
754
2532
4920
1744
4798
1571
5765
3899
3110
108
5366
2575
974
1352
6528
389
1603
5948
1761
1592
5257
5025
392
6743
6337
15
3752
6230
4582
3389
4379
4899
452
1018
831
362
2799
6163
49
2772
2159
1432
4080
970
4976
186
3802
1362
1675
6032
31
3700
6687
6761
6095
600
4267
1716
5112
4131
2399
1334
4498
1495
5838
3806
1297
1383
4218
1261
4870
3318
4276
5607
203
36
1581
5590
1313
4327
240
1458
6567
6080
5989
2621
2819
4233
6628
5538
6956
6919
2072
2790
2223
1885
7243
5169
3496
2114
1358
897
2105
719
826
556
7420
6527
1481
3893
4754
6461
1411
308
2143
7026
6404
5450
2695
6218
1617
7299
3749
2155
2357
343
4863
537
1915
6902
5725
4960
7244
7271
4584
2381
4885
6784
5804
4203
4565
2611
3256
4938
130
815
866
816
2890
3557
1769
7357
6935
6182
1105
4322
6980
4409
5394
2713
3387
4588
4739
7319
6396
281
3351
3827
3617
463
2214
4665
1370
2528
5942
611
2951
3251
4821
4332
4785
5622
1953
4197
2909
3319
4586
6548
3841
2476
7466
1971
703
7038
1646
3213
2728
2343
5345
6384
992
2935
2185
6077
1984
532
2554
1027
5486
5837
5779
3765
6205
1446
7169
41
5727
345
617
3940
2097
3629
5889
6575
6436
6808
2822
2792
7238
2038
5273
3095
410
4117
4550
4107
748
3232
7351
85
6600
4547
363
1174
3113
6495
5728
3888
4680
2715
6942
156
861
4201
4125
2316
3142
2438
896
5817
3264
2596
6725
2113
3611
6624
5321
3125
4479
2568
6338
5211
3147
6154
2507
7334
547
4042
3276
5757
7043
4350
6092
2200
5230
2135
4273
5500
7146
4372
6833
5339
4150
6577
184
6596
1132
4599
5379
7202
6820
6376
4055
248
6333
3041
2807
472
4802
216
1680
2504
5692
6202
3378
2099
743
5355
3723
3253
2050
730
1063
3135
6653
6717
5996
6601
5015
4313
4642
2720
1131
2589
1430
2269
2644
3044
2891
3548
4732
413
6434
1907
1203
855
7426
6884
6863
3473
5936
7018
2598
5207
6678
6000
294
1230
3443
4286
738
4982
6609
539
5472
7386
2312
1192
5585
4411
3560
5044
5083
795
2865
7283
4282
2975
2565
2208
1379
6670
559
1660
4610
2552
5988
4259
5201
6199
6487
4328
3718
3324
737
6966
7029
3333
4324
644
4881
4191
3390
1245
4712
5441
3861
6303
2685
53
3119
383
3381
642
319
4193
5783
1826
7313
6469
566
5242
7105
2823
3172
6914
5651
3219
799
4564
2285
305
5105
4394
2033
3588
5156
6581
1147
1692
3791
491
6638
5933
5021
3890
4604
5850
5594
2173
5787
1926
140
4828
524
4246
4996
663
4097
4302
6251
6488
1712
6094
6700
6029
5417
3981
4155
5247
219
4519
2112
1682
1517
7257
6033
6036
7405
4616
5501
3597
4141
5122
2703
2544
5681
3477
5165
898
5490
1736
3600
4535
62
973
2921
110
6836
3187
4385
5516
6277
1512
1226
706
4811
5218
2960
1893
7296
6718
6074
4429
1867
4975
6084
2370
1861
309
5668
1648
7117
4389
6412
6584
2911
7280
6771
6614
3211
376
694
350
1180
7455
4514
2540
5904
3642
2287
6221
4512
2944
5698
4057
3066
1205
84
4773
442
155
803
103
1757
1743
2609
1793
3265
6018
3058
5591
5627
2137
3646
2928
1514
1343
4644
880
4257
7077
568
4726
6508
2746
1108
5617
7352
115
148
2164
4624
3956
5384
5614
6
1704
2226
1848
7216
4359
5443
5493
479
1451
1518
3093
6934
6713
5406
1745
3166
283
3857
433
2987
6928
4746
280
5343
4071
2809
3036
179
581
2566
1296
4627
3084
849
1381
3545
960
414
2398
1903
5768
3767
6589
668
944
2294
606
5762
4085
2556
941
1908
3983
7100
2647
976
266
1158
4689
6210
4414
5137
6818
709
5168
7461
6314
2132
3639
3879
7305
6267
2797
4738
3630
3479
34
1017
6261
7095
2218
5009
4839
1085
686
4353
7291
3074
1139
3152
5462
918
2925
6912
829
74
3948
3258
2734
954
4515
2221
3961
5864
6426
7485
403
4626
1169
5057
5327
7006
2479
2882
7489
5139
5764
2391
4418
1839
6359
1633
4152
1588
7050
1335
4090
6324
521
5641
2733
2108
4729
7137
173
661
6724
2731
942
2042
7130
6340
5791
3150
7194
2181
6262
1285
1638
4633
2808
4402
239
2286
5556
3102
2989
2652
3966
5438
4652
1644
2985
4093
7032
6248
2067
5781
5028
1983
4261
6242
5832
5589
5574
6071
7369
5497
2444
5851
5385
4099
7300
2297
5003
3792
2332
2270
6626
3447
2349
7278
6961
6490
5647
7488
3521
257
1874
5371
975
5439
844
6974
2710
4926
5289
626
1837
7272
2729
3945
6452
917
6740
6326
6867
2961
3982
3889
6845
1569
1576
7181
4709
2094
7020
3421
1388
154
4016
6991
3533
3934
1819
2284
1555
3513
1610
4986
3897
3208
1325
4579
4438
1832
5530
3594
6472
7281
7114
1628
6741
5427
1800
2459
4195
4571
7168
3933
6046
1679
5116
4481
5353
1781
7087
6738
1121
4908
6753
5062
4568
3524
5566
1133
4163
2163
1084
3223
7388
5721
431
790
2603
2005
3286
1575
21
5276
2404
3338
1637
1975
2563
766
6422
6810
2154
6697
4043
6573
6238
1768
2839
4337
6793
4898
4695
2049
7453
2315
1520
3107
3730
607
1179
1410
3953
2448
3697
2309
5573
1349
1533
551
2784
4998
4517
793
1164
2765
809
4011
5660
750
7434
714
1949
3465
4383
6367
7003
582
696
3759
3598
6802
1145
3050
7187
2465
5808
5798
483
4431
2134
3430
7182
3269
6649
5292
4031
940
2429
810
4092
1425
952
4319
4545
1006
7196
6972
2425
3494
4799
5256
2648
2561
2649
6445
1004
1222
1635
7347
5507
1847
7415
2806
2209
6686
1196
986
1177
3602
499
4573
2192
3021
673
6557
3992
6848
5862
4812
7016
3406
4961
1489
2870
4174
2742
2555
4598
5305
7064
6016
4914
6627
5419
2494
903
1460
3323
7481
4039
2860
2077
5045
7332
5654
1992
489
5802
6028
565
4832
1876
4897
1468
3558
677
348
6115
4510
5872
2082
6684
4842
921
4635
6882
2475
6298
5383
1522
5821
5425
4978
406
5863
1104
1328
344
824
7116
3132
3951
6951
4825
4198
2714
6287
2525
6693
1948
6116
5052
549
6593
6691
1389
1942
7037
5733
811
4731
5164
6170
4051
5977
4880
1007
1360
2412
6243
4056
2148
2581
1529
1554
2843
6194
3301
1956
3578
1462
1616
4386
5541
1696
6369
1825
710
4088
7034
5947
640
3330
899
856
4947
4464
3672
3274
7451
324
2691
7440
5633
2167
3079
6438
6038
4247
1880
1661
1444
1539
2431
5557
3927
926
1964
920
2245
3924
2759
5060
3873
2100
4766
4146
6030
133
987
865
2878
3561
7361
5435
6941
2068
6139
1170
4038
2435
4533
5952
4747
1111
59
1947
4508
1917
789
6675
3141
2322
5449
4933
6742
1008
6272
806
4270
4196
2706
6131
3186
3978
4877
2471
4874
2057
44
4470
1966
341
5545
510
5160
2129
3056
593
2036
3179
2824
4363
252
4432
4542
355
670
779
2413
5180
3342
1438
464
5965
7456
3353
3282
1418
2493
5124
1747
6777
7143
1990
4736
2876
3876
6417
2510
1342
1240
2179
5407
6321
3979
2972
7098
3931
3535
5300
6620
3182
6838
144
5262
30
6568
2698
5145
6066
1857
5261
3214
199
1865
1036
5296
5957
5813
1715
2254
7075
3912
4607
828
5269
656
6300
3003
6024
2687
5741
885
6097
5299
3474
6328
243
3908
7406
6020
6110
4670
1791
5
5662
2367
5938
6755
5763
3340
4888
3667
2418
5317
6187
7072
2849
1246
1868
2482
4660
4822
5436
5924
597
3170
6113
5336
6895
6994
190
6440
7225
6317
4560
1614
4227
5344
2659
4287
187
4966
5845
1152
682
3191
1513
3098
6382
6441
5103
7007
763
5786
4160
6075
1445
657
4035
5399
5824
3239
4734
4655
6610
6506
2467
1124
7312
5528
516
6485
3641
1802
6908
5546
1941
2858
819
3505
6948
984
4407
1026
1816
4077
7442
232
3656
4103
3116
515
4454
6969
3226
1830
129
2517
7377
6574
1093
564
2234
1746
6455
4123
5568
4583
1737
6302
2442
1365
7084
5361
2724
6362
1772
1811
7063
7306
254
757
4945
7101
5333
5953
6826
3027
5645
3425
1020
1608
4105
5127
7033
6291
4231
1760
6635
6413
4647
7107
4176
4079
1293
5631
3780
7454
6468
5195
2002
3436
6149
4019
7135
217
6264
1302
480
2215
106
282
1110
172
4662
298
4393
2187
1340
2745
3878
5517
2456
88
627
7165
651
7141
6179
2291
2280
4111
396
6866
1402
3845
733
5920
68
6518
5194
2607
3898
629
3664
246
4256
6008
2787
2667
2840
3566
1248
4046
2637
951
6429
3005
2256
3721
2789
98
6992
2883
6875
4110
6583
492
6904
3991
1049
2430
7427
3856
2236
5816
337
4840
1075
3565
2826
4281
4783
2983
7119
5866
6232
4643
6864
715
4878
5912
935
5956
3456
5672
4367
7023
3091
1771
3309
506
6529
126
5753
1510
4745
7118
1664
5309
1805
6309
4483
4650
2009
4153
3426
2410
2586
5121
7411
5174
2626
4631
329
7125
601
7343
3097
2680
7254
3198
3773
4591
6463
2919
7193
3866
1040
3577
3619
3501
4167
6650
6091
2111
1225
4741
372
4836
3904
5799
4284
1944
38
2411
5358
6629
3071
443
3248
1577
5225
7208
7294
7061
5730
4388
6416
332
3868
7474
35
2874
1507
25
5600
1125
3325
3019
4649
5940
1551
7222
1605
6606
6504
996
6759
4368
1206
3395
441
1076
1700
2633
6955
6990
2462
5919
3592
4971
3519
6446
5704
237
882
7261
966
3369
6456
1024
1549
1943
3498
3821
3327
3818
1681
1305
1527
5794
7387
6656
5095
3237
227
1703
7356
1773
6832
3779
7093
6531
3530
167
275
1198
4925
825
3409
4903
4074
5869
1088
6239
7335
4730
1775
2346
3475
3308
2158
1916
3183
4603
945
6989
7478
2122
3775
2593
197
958
3090
7088
4346
2880
7486
5275
3621
444
3887
7241
713
1901
3352
7460
458
2932
5029
533
929
5364
2946
2963
5944
7112
75
1038
6100
4114
5487
4669
5683
4129
1500
1548
529
783
3867
2994
723
3581
4701
7188
5760
3705
3143
963
4796
6449
7022
1441
512
1812
5884
2562
3120
2903
2075
6437
980
1993
6343
3732
726
4264
2622
454
7011
3072
6576
5189
114
4629
546
6122
2998
6244
5612
553
1486
2762
1037
5628
2458
4536
3688
6454
851
175
2990
7227
1350
2102
1259
1899
4422
256
519
1674
4502
1187
570
5263
7030
971
7412
7198
2830
2330
12
1200
3742
314
1836
2553
4312
6978
4268
3291
1937
2984
1799
3758
1751
4781
7058
3679
4228
3055
214
632
5032
6356
5510
603
5715
680
67
2183
1149
5729
1484
2428
5277
659
2338
883
4949
6592
3849
2795
6301
6392
1078
7417
4456
2802
2978
3461
2970
3580
111
7341
3515
78
6782
6880
4910
6167
4130
988
6563
5059
119
1835
399
6089
6410
7433
1689
2739
5431
7212
5258
7282
2520
4048
6483
6890
2396
6052
4630
339
4278
5166
5959
1371
69
2573
5986
4634
1207
1361
4365
284
6857
7170
2279
5155
1228
7092
2048
5801
4098
304
4605
4095
5087
3312
5206
6722
3348
6979
7256
1234
4867
3852
3860
3006
3952
7002
6654
1906
5616
4288
7153
5424
419
6943
437
279
909
255
4566
6299
1050
3547
4658
3408
6789
17
2066
736
4884
994
5055
6037
3411
3658
2489
1504
6944
2168
6588
884
6871
2776
2427
6411
3675
5390
3412
541
2078
498
177
5413
1290
3766
3047
6400
5772
2118
5789
588
5279
4222
6812
4576
1974
1015
2506
3366
4338
6266
7068
7471
839
5523
7397
679
775
7462
3909
1175
1584
1988
5011
5457
6178
7438
7070
1523
2674
2450
3618
3651
2853
6010
2922
4698
5307
6223
5223
4136
6997
862
4459
2639
6773
5665
1270
3367
2440
3512
3063
2672
4305
1204
7180
4979
5857
6336
6958
796
4177
4895
4580
7190
2058
6172
7476
7308
4767
6964
4262
4381
3722
4391
4946
2443
4864
4837
1363
3691
3772
5142
3803
3817
2547
4060
6319
2832
1973
4180
6015
2300
7074
6021
5909
2967
3448
916
767
6216
5629
6679
91
5323
3938
5844
6695
7399
5038
2249
1996
1427
7339
6634
1719
5458
7413
2040
2447
2079
3812
3164
7470
5752
180
9
4653
1165
221
4145
1754
86
5766
7487
394
4223
4320
2923
5224
3825
5346
1224
1478
4935
2354
5991
6823
4101
1818
1763
101
3490
6500
4013
425
3786
1487
7378
2007
5572
469
889
6224
3296
385
1130
5129
202
2498
7338
667
64
5603
3671
6664
3279
1752
5140
1266
5505
538
2982
3511
3284
3762
4780
3553
3403
3206
333
3883
1142
320
6349
4551
2748
3466
6212
1561
2045
5221
2127
1866
292
4030
907
2388
6712
1930
5459
558
6380
6281
1212
1426
1887
5925
716
3709
6665
5504
665
3964
6783
4084
1714
3915
3281
5859
6146
4922
1401
7275
7424
2684
1594
6072
7253
2496
3221
3075
7219
7400
6056
863
3089
6561
3053
2743
2838
7145
29
87
3673
128
2190
90
3259
5613
7185
3834
3382
2244
6523
2918
786
1229
3746
4786
7201
3596
1310
6791
1123
3100
412
3424
5471
4708
5509
6207
2359
1595
5513
6279
3985
628
3458
1435
2171
2272
139
5686
76
3615
6748
7483
6975
1759
854
5040
4659
3538
4557
3052
317
6236
771
5455
3859
6069
5198
2220
6735
6525
5697
7129
7218
2405
5642
6292
7150
6284
6847
5527
2195
4530
4292
1209
5356
2625
5833
6150
7346
2238
1684
4447
5494
7079
1729
467
1669
1253
346
4401
7390
876
3400
4592
2319
4323
2242
5313
894
6108
4207
6572
6280
2531
2305
3175
142
2356
3532
5326
6704
3204
503
3613
1578
6017
390
224
2825
13
1384
3344
1905
4466
2000
6556
247
5188
488
2231
1030
3194
1394
152
4003
7310
2615
6514
6776
624
5231
3122
1420
5656
218
5418
6760
1398
4860
1047
1291
7106
3882
5635
4444
6203
7336
4763
2006
7477
7012
4138
697
4932
4293
4355
28
5136
692
3303
5637
5943
5376
6083
3939
2485
5392
2136
3562
5518
6927
5244
3207
2055
7317
2133
957
4020
4484
5158
7407
1888
508
4995
1568
3657
3972
5359
1412
2065
14
4187
65
5974
6986
4059
7364
7458
3500
2574
3310
3127
3653
1182
4827
4856
398
5756
6546
7176
870
4400
765
356
6151
145
7076
2774
2605
1652
740
2470
4318
1900
7248
1183
2783
4112
1392
6985
2676
6169
5340
4065
2246
1797
3128
3781
923
3476
4265
5624
477
72
7060
1056
3380
2712
5923
2217
4181
5707
2828
5474
3049
4047
3576
4475
5466
380
1054
290
6621
3441
5014
1281
6062
6206
6622
3546
4848
563
3654
5049
4303
5535
5551
1483
6174
300
5235
6737
2981
554
4148
596
1508
3995
1455
1376
1070
312
1395
6012
1176
151
4147
4311
1995
841
3233
509
6254
3492
1852
6494
4451
1490
6938
5630
643
5429
1790
2074
5451
6041
4251
2085
6733
6247
7091
351
1101
4696
1480
6408
3676
7363
5226
1770
1952
4539
5047
2044
1845
2726
2387
5689
2372
7110
932
3228
4800
3840
6135
409
4666
4178
7328
892
3115
5342
6118
1254
5159
1223
430
4988
5446
4641
109
4723
698
2303
523
3999
4374
4497
6819
4621
45
585
3205
4528
1933
6764
2454
1477
4416
1748
6570
1364
165
6710
3604
6107
1419
1601
4310
3854
6283
2225
7394
2335
2898
7124
5586
3943
3795
6694
274
3677
3416
3151
761
3798
6162
2948
5410
6293
7217
3137
1066
3126
6189
641
1766
6002
4690
1651
3582
3210
7027
2402
1298
3349
5463
6766
4269
5981
6141
5609
2786
7229
6297
2258
2980
5880
1965
1842
497
2012
6680
4462
2149
2523
1257
4000
4704
3583
4749
3243
6552
3065
2546
6270
5580
4162
6022
5222
5913
1910
3846
505
2037
1939
231
869
3354
6009
2313
1023
2091
