6045
1434
6475
4955
7482
6233
5497
6463
7322
6296
2823
4247
2349
76
20
5449
974
2493
3516
6044
4903
1774
7299
6225
5989
5437
5287
112
2900
4467
811
3245
6826
4380
2941
6483
5896
5905
5193
6660
5478
1606
5453
6385
5039
2205
7426
1233
6339
5168
5458
1108
4746
5578
669
6190
5368
987
2217
3776
4064
4719
3201
6792
6556
2668
2795
2192
887
7409
1947
737
884
5188
2580
3045
286
1868
4121
7182
5778
4681
2249
1114
5010
7192
6765
6501
2077
3398
2753
3948
6284
1959
5652
3861
1972
4915
1790
5878
1481
7400
4604
4027
6865
5823
5827
2963
4300
1289
2365
2033
1366
5580
768
615
5417
2500
7221
1710
6369
4641
6462
4465
1851
4614
5113
7121
7267
7092
1839
6691
3269
1016
5784
4938
2448
1012
4301
5008
914
4996
5241
6151
1099
158
429
1262
3981
6555
2552
1728
1786
1540
994
3417
6411
3865
3499
6976
2918
7297
1883
2774
2130
4212
3738
3037
1201
3072
193
5308
979
2584
7463
5583
1845
6868
7398
5776
1127
3600
714
2110
3100
7475
1919
5854
6847
4575
3047
4992
3715
4367
6650
954
840
6488
3143
3821
4586
5296
639
6548
599
561
3923
206
3401
5695
2419
7364
1452
5681
458
404
2354
5935
6916
4557
2755
2654
638
6544
5862
91
13
1310
1205
650
1511
256
6091
1807
3074
580
2290
3368
3498
3180
6677
870
1416
4629
110
171
1021
6639
3929
2579
2629
4494
3624
6856
59
2346
3242
2793
3514
1713
6931
6855
3191
4645
336
7179
2779
5291
1209
924
5492
4601
2979
4555
5026
1890
6133
1161
4293
5631
5336
4138
187
6212
1517
3544
3950
897
3762
1961
68
3082
2497
5848
5300
6422
6612
6099
7292
6122
5160
4549
211
3619
2296
3760
3696
333
3751
1302
1060
1314
6254
253
3208
165
4889
7209
699
2612
6188
888
5348
843
1896
5814
5999
1301
439
4110
2079
6589
3234
1456
1532
447
2480
1643
6320
6317
1889
2660
7434
2781
1265
1230
1549
3144
6007
1165
912
2806
6846
3506
1811
3281
7051
2013
1006
7130
6858
1556
4900
4970
1157
5015
7346
1693
6437
525
4242
6180
5167
1945
1424
6817
6429
219
7126
4851
4617
4783
6281
5700
3856
2268
707
3966
224
5086
6688
5540
4119
394
6906
677
4114
5671
176
6701
507
3420
4759
3833
7464
5811
6035
3071
6711
6512
4907
2495
4947
2411
4243
4183
5415
3548
3486
2253
3817
4091
2396
3883
5265
2799
6712
6117
3027
3838
2999
1180
2278
3659
5103
4883
6502
6504
4127
3232
3161
7020
4284
1499
6356
433
1345
5230
5705
573
1220
6158
2911
4720
2847
3592
6043
6445
1461
1667
2636
5126
3151
3664
6127
6689
2043
326
3104
3913
7278
2211
4798
4623
2723
140
31
2191
4745
4738
2995
5598
4602
6994
3346
239
1367
7383
5064
661
5554
3977
7268
6883
3500
7451
3829
1321
2060
330
106
5769
2332
5101
7128
4653
452
7344
5566
3369
5054
292
4816
3753
5697
3097
5762
3373
1410
4158
7460
3602
5274
508
6435
340
5133
2554
1256
7050
7380
4296
5285
3136
3970
2376
4767
3739
2694
1082
950
3800
2428
2539
3640
4932
2240
4538
4950
6146
867
6598
2598
1744
4210
6222
2746
613
7189
4959
249
1040
6023
6103
5339
2023
762
3572
4661
57
1178
3179
6118
2555
2524
4879
5603
7328
4940
203
2054
7199
6368
5538
1156
5522
4840
6778
5192
6353
4469
6825
5216
2978
4
3491
6707
1767
3665
1673
3674
4131
5674
4876
2198
4278
6679
4530
7214
4566
6264
264
2203
869
3038
5596
3791
7002
6992
3469
968
4894
7456
5788
5799
832
2930
5810
2690
2459
7017
2610
3453
3092
6268
1865
1882
7401
5917
741
6599
5181
5083
3224
1866
285
3204
4150
3939
6503
1252
2133
6547
2014
4429
4713
2943
6981
5025
6920
4463
3779
2074
7219
4723
1955
5843
3060
1534
5975
6959
2765
1350
1429
3864
4194
2541
3686
2193
5514
4249
4579
3768
5403
1268
2874
6265
2867
4149
587
6071
7027
4291
4829
4523
5428
1088
7104
6985
3464
6472
3485
3316
5669
5613
4159
1447
213
6907
3372
5931
3532
3103
5651
637
6783
4979
2403
752
6213
2534
4705
3524
271
7156
3750
128
2705
6471
3126
1202
4386
7151
1087
705
764
3205
7486
6984
4780
3644
6304
1930
4008
6966
898
3478
818
4146
4405
2733
4379
7229
5892
872
1061
4956
4135
4866
2704
44
7247
4338
1996
5405
4603
6465
2531
6293
5260
6194
1365
5518
5786
4354
6924
6769
4755
807
2047
4707
6675
5916
1899
3980
7465
4479
4528
3618
4621
7034
5199
3080
719
1158
295
3034
3850
5780
7353
3164
4827
4728
6309
3073
6042
7062
6274
653
6617
3194
7488
3792
1939
6075
3889
4888
491
1726
3897
1689
1619
6763
721
6458
2068
751
5461
3766
3026
3229
5371
4914
4264
3259
2987
2671
6933
4608
5201
3389
5197
6093
2153
7226
6476
4797
6702
5760
7479
1827
78
2407
3050
3765
3437
4390
4551
5959
485
3521
785
4113
1965
2011
1708
2429
966
3140
4155
3030
6610
4051
1341
3094
2406
1601
1340
6656
3123
2807
220
5067
4852
2170
6802
6279
6732
7259
5561
4560
646
5973
3915
6662
5822
2721
1503
6331
5849
6430
4923
5184
5741
1950
7033
4931
7368
3814
230
1680
3035
5834
5802
5883
5205
6570
4913
3732
3005
6183
3438
2716
4233
4076
232
6804
1059
671
4353
6210
1720
526
5034
4612
7113
5791
5414
4381
3957
3262
4542
3643
4280
7202
3487
3553
5036
701
4801
1806
3467
4831
841
2798
1463
2498
2200
54
2709
4657
1822
4038
3141
5491
6767
5394
3302
1407
5009
1401
5732
6186
5261
4014
2589
7416
7382
194
4153
5819
6738
1892
6718
1625
6717
7428
1878
325
6027
4622
4222
4688
578
4680
7467
1101
2890
6223
5035
29
2898
1020
5785
1475
6668
4624
983
3033
401
632
3091
750
6559
2609
7090
2812
5137
5373
6078
2233
2951
4277
5236
1698
6988
2619
1139
1264
6022
806
129
2041
2377
711
4795
5957
19
1395
199
1046
819
2125
2743
3724
6108
2876
4388
3226
5836
2818
803
432
2751
5590
2042
744
5728
7171
2384
4060
5675
2829
1396
3998
7295
3604
3782
1349
5213
7289
1047
3484
5080
3558
120
5445
6318
1068
1243
6764
6842
7159
6848
4966
6016
4271
1594
2463
564
3719
5191
6720
4847
836
6459
5768
415
907
3128
2455
6335
5777
6100
7072
1629
290
4136
1712
4650
6684
5913
1316
5219
4011
3871
327
7119
2680
3054
6925
1436
2582
6278
5860
6332
3029
4320
2003
6126
5724
2372
100
6420
4672
7000
4422
3632
5484
6018
6431
2040
1498
3801
993
6120
1589
2263
3704
26
6814
7080
4609
5173
3066
1432
5
3658
4963
6521
2450
5826
5471
4056
3063
6141
1011
5526
1484
3606
6568
5735
5419
5787
4156
3023
425
4328
865
2892
3927
7140
2176
2141
598
1974
2018
5934
877
2725
4041
312
2279
3569
4227
2913
3932
2736
3951
6143
2117
4908
4682
4269
3448
2482
4270
951
1433
3056
4636
6338
6116
133
5130
736
7423
6875
4407
7294
7411
1583
5144
2397
1427
2434
3574
2363
2516
1373
6230
4518
4177
1544
30
6024
3995
1814
2623
5832
1013
5298
4574
391
2938
7041
571
4071
7173
4777
3759
4974
6457
4401
1911
817
4571
5790
3803
4022
6604
156
7276
1078
6397
6757
5646
4321
7039
6484
1231
2514
7223
4132
6849
4512
6827
5900
6895
4660
4453
4044
4384
7342
2971
1825
4466
4686
538
4010
6620
3660
3678
995
1058
4368
7481
5520
1464
6061
6877
1817
5155
4035
468
2024
1832
3534
4255
875
2912
868
1272
4480
5469
4174
2124
3684
693
6954
3424
1758
6269
5307
3523
2135
826
6049
3379
1659
316
1508
5772
4450
1017
5377
7013
2289
5480
5758
1835
1931
6918
2126
4748
2361
6795
1516
3206
7032
3282
519
4305
4808
204
3370
5069
4336
3501
172
5125
4310
2864
6134
4976
7036
3488
4172
6479
6772
1904
795
5330
6041
2091
3096
289
4802
2931
6449
3230
6596
3769
2868
3284
383
4965
3207
6947
4085
2855
1083
2271
6724
6464
6343
6649
667
1633
3330
6682
3006
7371
4438
7035
6454
359
1545
6534
6901
6149
5709
50
6267
2865
6716
5805
1519
3222
314
490
457
5624
2961
6170
2831
2835
6179
6055
145
5889
3892
659
4348
1524
4537
2844
5962
7378
723
4285
6987
55
4591
2485
5360
7316
4209
4822
4299
3240
7197
2747
2092
592
6424
3102
5448
2381
2129
5856
254
1664
3093
261
4258
925
5688
3740
6762
6794
5801
3326
985
2142
6634
4369
3651
2986
3402
2562
2533
1782
4675
7165
1602
3172
1560
3533
1761
3108
5927
7025
5356
6300
6418
4486
4670
528
1398
6442
5568
4789
2885
6489
2520
7010
1564
5779
3120
344
1928
2678
4152
4362
4478
4039
6355
6839
3755
4484
4897
2368
1419
6680
2957
4312
7245
5930
6104
4263
2889
1674
4949
5089
1354
6372
7410
300
3456
2073
151
6106
2519
6851
2162
2735
380
46
5464
7129
3716
5978
5273
6912
2197
7074
2334
4109
2776
6864
3251
2108
758
4520
1501
6124
864
1988
5541
1275
2768
4331
6050
7422
1681
4335
4548
6857
889
2618
1196
2246
2570
3166
6352
3138
173
551
2389
2677
2237
3870
7234
4993
3562
4954
4532
828
3295
6714
4503
5740
1630
6791
328
7444
5004
7320
3382
4776
3731
1864
4750
81
5389
7077
7213
3011
5653
3595
3613
5250
1752
5012
7112
4655
7415
2546
2605
4978
5289
3322
4522
2261
791
5220
2161
5349
274
35
1327
3985
5392
7233
4714
272
1136
1392
3561
3278
222
4434
5640
4895
208
5771
1792
7392
7298
4995
786
1926
1812
4550
2260
4836
891
3049
4757
4092
6228
3637
7431
2036
2437
1634
4373
1337
2258
6336
2928
1163
126
5630
3019
3908
48
3098
3410
5120
7248
3885
6536
6082
4583
2255
354
5065
6852
827
5179
2969
4283
4179
1842
5487
2592
1656
5678
5742
991
6203
3305
4547
3313
3713
61
1913
2632
1494
2243
5501
6364
2919
6841
7155
4363
2914
6749
1304
5729
1064
2884
1466
1387
1117
5102
4181
3241
6433
2851
5717
3125
6294
1204
1100
1924
735
4187
6500
4142
755
4620
36
7452
6129
6673
2183
6034
3496
1615
4912
5643
2374
3655
3495
2002
6645
3314
79
7137
5718
6032
6889
4297
727
6195
5071
1333
4841
2046
3039
2456
4693
5591
5246
3663
3670
3599
684
1558
1331
6979
1198
1443
3728
1933
7370
1764
6508
5007
6723
7287
315
5473
3403
3233
6884
1512
3443
2972
2127
624
3677
1876
3170
1257
4304
1210
1510
1173
3568
3918
565
6550
524
5098
7239
2790
1714
3901
534
7319
7443
5212
4668
2475
2763
6470
7118
5017
1317
6632
3875
2748
3536
926
5677
117
6989
7054
3171
3685
7210
6382
2968
6539
2132
4079
559
1149
1116
1591
593
512
2557
2769
2184
2152
1293
7089
1941
7361
3963
4941
853
6167
6722
7253
4736
5477
5302
3936
1777
5366
5134
2338
2017
6033
3747
5075
6396
6704
6351
5921
1186
5053
257
195
6240
2272
1496
1677
331
6862
2298
1315
2901
4349
1043
949
6026
1543
1045
6779
3040
7218
2012
3512
3306
1791
1916
3067
2644
1927
389
3767
1479
4691
5128
3238
207
7384
5276
5926
181
6229
2020
4351
2800
6406
2330
7095
1661
3146
734
63
7388
7472
3925
5542
6154
162
6410
2937
5462
5731
6624
3635
6531
1174
4564
3455
4239
7194
3881
5527
149
2756
5123
6755
1405
6298
4030
5602
5028
4690
6130
1227
6374
1902
1305
152
6509
1023
236
4050
2780
783
4667
5322
2112
6371
250
5106
2118
2069
7016
1711
4882
3446
3718
666
2658
3756
6076
5375
4758
2633
164
3124
6487
685
320
2731
3799
4567
5079
7301
6870
4999
3919
5736
5858
4561
4162
902
2887
4118
3764
4325
696
2484
745
6447
1747
978
1042
2432
6766
845
781
2659
2622
6747
4699
1593
2021
5268
1326
6473
3824
2853
4063
4648
5825
7231
3254
2880
146
989
4268
6872
2358
5988
6164
1914
5006
6245
2683
7462
1228
532
4123
2783
6597
1160
84
25
3907
5378
6220
417
5145
5601
2461
7185
4333
5062
5942
5723
1921
1958
6782
6821
5500
1651
1007
5121
6822
6322
3196
2662
2201
3582
6587
5425
5691
3646
3717
2932
125
1435
1389
936
3032
5146
4989
4820
536
6191
617
5303
2399
1779
6952
4663
7193
6237
3772
555
939
6266
6518
6083
6672
5180
5374
5119
1675
787
6
3972
4415
649
894
829
5209
105
1963
4972
1997
2380
3395
6390
5240
5198
1946
6739
5887
6614
374
4444
4811
7386
4552
2561
1505
3734
5479
4982
1507
4382
280
1587
6789
2283
3225
4355
1684
4509
3965
3482
4292
65
6193
2962
343
1320
121
1894
5200
6377
6653
6412
3571
3847
927
2490
6292
2545
2923
724
5969
1378
1038
6407
518
1688
3611
4061
6899
5195
549
3017
585
4768
3798
6530
6741
6579
4884
5066
3813
1154
1529
6013
83
3964
6819
2759
184
6565
427
71
2838
6135
3649
4792
625
6768
3790
1542
1260
4635
4426
7103
5537
5971
1836
6414
1112
3024
2530
7211
4613
3115
3701
2227
4414
4015
1798
4910
3046
2714
913
108
5450
3345
3442
6927
5206
2549
4418
7339
2096
2764
329
2452
2512
5914
5032
5341
720
3654
3694
2187
2820
5438
4447
5037
5115
1987
2282
2504
5906
4339
4990
1147
4389
2966
7124
3183
4545
6038
7150
7476
5685
2613
3916
7419
4054
6001
7429
3014
4630
2049
620
3246
5663
1582
6613
1362
839
3266
170
1462
602
1033
3169
4794
3009
4303
6666
4319
2382
2674
4770
6102
6357
3209
5058
7309
1121
2172
1027
607
6809
2474
920
5029
2416
2944
5812
4918
6683
3942
7425
3818
6866
3197
70
6405
7373
4854
1869
4771
3425
2103
6171
1690
3444
6386
4047
1372
3513
2616
1967
3794
4846
6452
6977
7262
640
6383
6402
2513
6944
5713
3481
1195
1663
5321
6155
5544
182
813
109
1809
5894
6415
5229
2750
5105
4554
6132
2336
6017
1324
2665
362
3494
6606
277
5262
6829
2163
3509
3583
2101
358
1608
6551
6577
371
3777
2821
1307
570
4352
1453
4357
6192
1877
4431
2521
2518
4874
185
3809
2244
3374
6787
876
582
303
679
3928
3617
3174
1597
6948
1581
4810
6616
2526
2297
4117
130
5891
7127
2698
5182
835
4860
2742
4732
4909
7183
3629
3729
4315
3781
2373
1001
2031
6969
1635
5763
7483
1440
6455
934
478
2007
2663
7109
2062
5088
4409
3910
1621
6642
437
4855
3105
7327
5879
2998
6930
2264
4433
6728
6417
5027
7157
5489
3294
5152
6403
4217
4899
5177
2164
98
77
645
3707
1500
7238
2692
842
1412
4725
4980
7208
92
5379
2286
5490
1736
7478
5649
3666
3084
6287
226
7329
1854
604
5665
2206
6636
1818
3962
6709
5553
6112
3380
53
3131
5503
1448
3903
2511
6885
1660
2471
957
5052
2684
3378
5343
5692
7375
6081
2811
804
2234
1353
3168
395
498
7305
560
1976
1051
2458
1573
3795
317
7265
3973
3452
5852
3061
3328
5248
4343
144
2446
5970
284
2993
6638
489
1969
1497
5569
6546
2177
7362
3773
6996
6621
7135
5581
1607
1322
2169
2063
5127
1682
2503
3348
4470
3530
1221
5344
3118
778
6460
6490
5210
2585
2563
6510
1948
5031
268
1847
5600
3078
1418
6184
3439
945
5430
6329
3959
6871
7224
7461
944
3780
6771
1857
5719
7
6306
5239
6719
486
5842
136
4788
3218
7023
200
5770
4334
3778
4585
2703
4806
3797
2527
5861
1844
2548
1483
4057
6163
4640
3860
4472
3808
1253
1789
2877
895
6914
6285
2364
1379
3288
6853
6735
855
7066
377
4345
1438
2326
825
4961
5608
2675
4687
3376
5104
4588
5090
2473
3924
4977
5888
6275
2927
4116
7250
3286
4616
6633
4774
852
6114
4246
800
5893
6069
5485
5040
6900
7205
3844
2447
3954
6011
4024
4406
1776
372
4764
3186
4589
1538
4563
5340
2870
1596
6068
7146
6607
6235
2925
2409
3873
7358
1225
6250
3181
2426
2106
5124
2696
4204
3503
759
6983
3406
6209
1207
722
3458
1687
266
2215
6384
1585
5131
4034
3826
6818
7274
5899
5018
6890
7045
5941
393
3432
2306
5949
132
3044
1298
420
603
5657
6491
1070
6955
5582
2308
2639
168
1277
1217
1672
2734
5924
2173
2302
6740
6525
6238
2650
3465
5207
5038
2085
4590
5472
6495
6346
2029
7433
5483
3531
682
1641
302
4698
3744
2195
4619
6943
102
2333
6367
4543
2037
488
7057
7100
210
3121
5985
5882
42
3309
4659
7026
3730
1991
2394
1527
7251
6427
1240
2645
1336
5013
4476
3236
4565
5903
5782
5171
3774
2620
2637
7164
3837
5245
2218
980
4762
2385
27
3260
6313
3175
2836
7044
1151
6381
6030
4928
5011
6692
5809
5426
1135
1080
4606
2849
2494
4702
72
5560
2499
1815
6305
3882
6098
5277
7242
2219
7438
6057
717
5689
5710
4775
2128
3109
6054
6876
4419
6978
675
5886
6837
674
6888
7351
4318
4729
5429
4306
7442
1026
465
6205
1258
1123
1683
2708
5648
2113
5922
1330
6800
1488
2342
3987
6152
3974
1595
6909
225
4697
1449
481
5233
7037
2348
5003
2538
5311
6945
2875
379
5293
7365
5958
2084
657
6087
6125
6721
2496
767
3088
375
4454
8
3668
3177
530
113
119
569
3433
5813
4308
7377
5726
2738
6423
4199
4505
2669
3788
1102
3227
7110
6893
6198
5951
1895
2093
6441
4327
2958
411
3699
6812
6448
319
2179
4086
4458
3727
4248
137
1279
2168
3812
2408
4905
5730
2862
2472
308
2241
3308
15
5225
355
1850
430
626
2635
3816
4577
1984
3020
1092
142
5258
6288
216
4473
4986
1245
3069
6549
96
2158
1286
454
3938
4885
822
1980
6971
3025
793
7161
612
2267
1605
899
21
2728
7405
5614
3001
1796
307
643
3366
6340
4807
1662
299
6833
5519
6999
3958
6337
1569
223
3746
857
5364
6019
7203
5424
4294
5354
135
6350
3770
5399
6150
2262
5423
2891
4800
7389
40
3978
2886
973
4129
7031
499
2691
2214
3396
7169
5610
7360
6698
4164
154
2050
2649
5851
7174
1808
4244
138
1840
4580
6486
503
2213
3836
7307
5990
6661
4065
6036
318
3130
5502
4188
1638
4943
5335
5361
568
7282
728
4968
2087
3679
4192
6958
6485
947
1970
7466
6928
1862
6785
4906
3107
960
3735
5676
5022
3414
2008
6066
5597
3711
7341
1076
5551
2809
678
1242
3557
2664
2312
6101
349
3043
5961
3656
2788
3451
940
4936
5880
3265
4849
6020
5072
1910
2730
6398
3213
1749
4652
1563
5176
1567
658
3077
476
5318
1018
6065
3178
1294
3690
6574
5329
961
7366
3312
3184
5406
450
4837
4718
5992
3709
167
6000
6307
5655
1190
7470
1541
522
3497
6926
5061
2859
5570
6208
202
1576
3968
4083
4361
562
1637
2134
2787
4397
2532
6686
4835
5396
5057
6413
3662
3053
3520
3874
2469
1036
4468
6513
2224
1189
4917
88
4230
4417
3887
3946
3775
6571
5077
5840
1704
1041
321
7291
388
2970
7390
901
1891
4404
7047
860
3070
1290
229
7040
3303
4533
4441
2231
5857
5690
1900
6323
5353
1002
1222
2832
2102
6006
4942
7379
7430
7153
4082
332
3394
5716
278
2628
2123
215
4387
6541
6651
4784
4593
7144
1263
396
4040
3879
60
4253
3347
1870
7069
1954
1523
4754
421
4673
6189
2567
4844
1555
1351
5837
3982
1467
1715
2209
2744
510
6004
5947
1616
1937
2724
4769
3745
941
5411
3461
2727
981
6219
1953
1044
6451
4756
4500
6468
4370
4377
2320
16
1170
2189
2701
131
2355
892
4237
2888
3375
1055
4838
3392
2081
4832
3002
7284
366
6277
5499
37
5217
4323
6801
4102
687
6047
5739
1671
3472
935
3748
6276
5346
4898
4392
251
231
4251
6224
3945
4595
7081
4967
4228
4658
95
4946
5956
931
4068
1898
2577
2487
7070
5929
6401
6736
3502
740
3545
7302
1579
5174
3355
689
5194
1300
5623
3012
956
2486
6678
7237
2681
1271
1942
7304
1039
1570
908
959
367
1065
1238
4167
2803
5711
1090
1623
6951
3605
3440
1206
3257
6003
5804
4173
2075
1073
2378
5357
7343
3188
6854
6843
3857
1795
6342
5756
5645
1755
1197
2899
4359
5850
2410
1745
3127
2517
3891
1513
4605
1032
2065
2335
2550
5135
2737
879
2702
3505
1415
2908
4160
5965
3565
4656
1949
4184
5051
4023
2509
2107
583
4098
6748
5270
5966
6010
3876
214
3630
4046
2401
2878
883
406
7093
2770
494
4727
2916
5955
992
6970
2216
7102
2371
7083
7266
382
2352
6379
4717
5766
1813
588
4069
276
5910
511
1312
4329
754
38
4133
584
7285
3474
3541
4821
3004
5863
3087
2145
1037
3106
5347
1254
1787
4317
2506
357
5943
4309
6538
6731
3680
4074
2568
6567
3008
4432
5317
773
3997
3016
5946
23
1536
2717
1922
2604
2984
2834
323
4531
3636
2502
5446
2090
441
3579
6344
1179
5055
2422
1769
3612
5650
700
3252
3362
3771
4016
4201
2148
2035
3507
4005
5342
1471
2083
4766
5070
6588
6064
4695
7440
2285
3076
4425
1468
3132
6897
5738
1187
3318
5984
6199
1266
2350
5271
1278
2115
2468
1631
3167
7333
2186
1084
3471
3336
4226
1377
6052
6646
248
6803
6805
695
2247
3476
5620
2985
4896
3691
4070
6263
259
2149
5683
496
3642
5998
4261
177
6176
6148
7369
7437
6136
378
1652
5454
2964
809
4274
6760
3566
4598
4610
6494
3085
3492
543
1477
1771
952
2339
1550
6202
7227
1590
709
3657
4998
4298
6216
2766
704
1402
2693
1086
5547
449
3723
1128
5162
2599
1482
5750
1472
3386
6270
3059
4973
1724
4139
3631
4964
1773
5238
4930
6652
5156
2558
205
4036
1144
2682
3270
7011
3340
3988
5679
2537
6834
7255
4474
5746
6957
1838
3160
2445
6697
4013
3243
1932
2981
4313
2626
5328
986
4706
3743
5868
1491
4558
2185
245
2909
6836
1620
6519
1489
4191
6214
5151
6950
3264
5737
921
7252
2337
141
6109
7079
4779
4421
3802
4080
5773
703
3022
7230
6543
6578
6953
6781
1721
6775
3385
1982
4957
1052
542
1938
3559
3296
400
1145
2251
2991
296
6450
4413
6758
1460
313
6258
7449
4763
5139
7225
2578
5326
5436
2949
6259
4666
3342
5869
3758
4316
5459
22
2327
7256
4166
5385
5169
1470
364
4743
3725
4576
3359
3390
1800
6443
3190
505
6310
2952
3625
5983
2954
1359
5044
3129
4782
6960
2920
1584
4491
3304
6166
1439
2934
2603
3101
5765
5362
5621
4096
718
2340
5733
6770
4765
1644
5063
7455
5759
6516
5297
4781
3763
6251
904
2331
7134
6878
7001
2661
3504
3525
3203
3736
544
6845
6185
6107
7471
2647
2462
3409
5280
5481
4562
4504
237
2225
360
1069
1785
5404
1031
6295
552
2715
1966
6919
6327
3310
3752
6552
5249
2846
7187
2940
802
6583
2044
2959
3591
5367
4045
5048
546
3248
4134
1281
2417
3528
3976
3
3291
7071
1486
3917
6226
2045
7078
6039
2590
606
6867
3890
4971
2515
3405
977
5000
186
760
260
1194
6090
7403
2111
4021
7055
6641
4288
6756
2370
5933
4295
1829
7019
7381
6703
5708
5510
915
4358
545
6937
3638
3934
1759
3546
5589
975
4920
7356
1917
3447
4475
1280
3909
212
6869
5223
5148
2667
5977
1750
2883
2226
5393
660
4279
6585
1313
609
7149
368
2438
5548
6934
2505
1908
2095
3333
3616
4901
2181
2904
4101
4890
4722
5432
2190
7043
7201
3832
7065
7469
761
1639
2347
6037
862
2343
4234
5409
3192
4945
5358
3843
6239
3888
6784
134
3575
279
5316
7131
6178
5215
1334
267
1485
3176
5556
5444
7436
1810
4122
1140
1696
517
790
6261
5699
5278
1831
3212
363
3851
3710
5109
563
4075
713
698
5536
1703
5338
6345
5909
97
823
2436
56
3159
7244
6995
5084
2794
4437
2860
1981
166
6946
770
3142
4219
6832
929
6168
990
4818
4747
1754
3299
1707
5380
5830
5323
3200
932
1019
6113
2477
2990
6110
4120
5110
5043
5253
5505
2248
3418
5282
4926
5571
2324
2881
2591
2418
3411
2772
958
5108
322
746
352
3712
6088
648
298
6333
4019
5049
6480
2685
5493
4154
2805
6700
7101
7246
5668
5859
1628
2435
6745
6972
47
7260
2314
7094
3407
7324
4646
6601
1130
4809
6667
4374
1901
4229
572
2525
5178
7184
4302
6392
2670
9
4497
5410
2360
7396
1547
6325
1762
2559
7272
3473
933
6939
5041
4733
2994
4536
6187
6312
6181
1348
5994
4489
5535
5251
6796
7303
2882
304
1375
665
4709
407
7012
5881
4985
52
4125
1406
4490
1989
5918
1717
6243
2315
3058
3650
5764
4735
2967
4003
4911
6105
3675
1306
5092
5132
3307
1034
1611
3221
2571
4730
4000
847
7198
5925
123
1352
473
5573
3381
2256
5299
4385
424
7160
1400
1469
5470
4711
6282
7120
7029
2136
3365
5056
4402
456
7030
2869
6021
6681
3722
2826
2393
1385
3358
2707
3199
5224
6694
3202
1417
6938
2945
5147
381
3015
1054
5384
4804
5222
3819
3855
6659
4951
5534
918
849
6873
5138
548
1107
294
5864
3445
1859
2427
1380
5476
4988
3216
1730
3567
1493
1551
188
4867
3633
1816
642
4684
4423
3693
5686
2064
3360
5807
1802
7435
5172
2597
4376
5594
2424
3698
93
2483
2601
7453
2608
4891
586
345
5755
4939
2404
85
6388
2611
4778
831
3975
1772
1934
4460
1622
2593
4525
2202
3921
2316
4799
5871
4004
4088
1267
3947
7007
190
127
3550
7058
3828
2317
1669
7003
6059
5817
6321
1276
4594
1390
3703
5283
6553
7097
4240
1446
2688
2119
2160
1476
5466
7275
1653
5644
7308
6603
1960
3979
1191
2440
1269
5898
5387
7349
7204
2732
7082
2656
4495
3397
247
2508
4830
4105
1912
6635
812
4511
246
5829
7235
428
2232
4171
3999
6628
4400
4420
2615
1985
3676
6324
5702
5550
1364
2700
6204
7374
710
5964
1746
4858
4944
1239
1132
2646
2980
2356
4207
1975
4638
6611
3820
4090
5290
4506
4694
3400
2553
731
4364
7345
7099
7468
5211
6015
6554
5166
6663
7158
4904
3672
4128
566
39
1799
423
3831
469
6961
1514
6737
7014
7042
830
2147
7086
5422
4485
5754
5558
1626
4066
3669
774
777
3840
263
3804
2252
1973
1105
4859
275
5440
2325
5687
5504
5915
4679
7254
1454
641
5214
442
6835
1183
863
4112
1193
5609
6608
2926
370
2266
1249
938
2379
535
5658
5575
644
1561
3272
5163
6658
5136
7359
3926
1356
2902
4519
1880
6376
1893
906
2720
1692
4665
3597
28
5456
1003
4678
3317
6428
3253
2947
470
5094
597
2304
5407
3626
3519
3137
5315
4856
2758
4371
5745
896
5867
6248
118
4880
5365
5129
2254
6439
7139
3639
3905
6542
5463
4449
5078
6040
5634
5408
6526
376
1287
1235
3608
743
3682
1881
919
2137
3783
3283
2009
6048
197
2600
422
5441
5595
1303
1283
4692
1490
6582
2466
6622
3848
5611
5515
1841
1887
6605
1700
6631
5872
3922
1079
6643
2375
4213
7489
1686
2501
6523
1124
2175
521
7335
2386
6751
1229
7163
5908
5783
2057
5313
419
4716
2982
982
6968
6070
4674
2942
2196
5244
3490
6138
5482
4218
4337
7212
4839
4825
4791
2522
2666
43
2288
4190
1837
1120
163
988
810
2027
5237
2082
1979
821
183
5087
4492
963
238
6507
3285
4350
2167
3543
3906
1393
1848
5081
2402
240
5398
4282
2915
324
3603
1234
1411
861
7005
5528
4049
5751
75
558
4824
7168
3623
6095
4482
6161
4356
7487
1274
45
2816
996
2606
2457
2906
6497
554
2159
1909
6527
2212
7448
4587
3255
159
6520
2588
2059
1784
3423
2950
3526
462
4881
2839
6754
3601
3510
5932
3154
3806
2782
1237
7098
4677
4445
49
5427
6674
5301
3028
2617
1649
3869
6936
1612
480
3793
4026
5507
398
2917
3462
6156
1478
1437
4111
3110
1599
147
629
1843
451
5397
3584
3134
2573
1288
7311
1879
1627
5703
1062
4265
5907
4266
7096
2431
1384
2301
24
1731
4639
1701
7117
3786
311
7293
1565
2749
3429
1010
64
6089
1382
6813
5684
5875
17
3681
5286
7152
6247
4211
976
33
6537
89
1983
3877
611
3357
537
2318
3522
4664
252
1115
7477
5725
3990
2614
338
3552
2997
2265
3943
431
2583
2535
5855
3367
6400
2741
7397
3841
2353
2854
6810
5312
1964
1520
3527
7393
7290
5243
4618
2144
668
1035
631
6271
2791
6404
3849
5793
4568
1169
6249
5901
160
4529
234
5670
1676
3741
2274
1137
1199
6244
4073
6575
4997
3839
3969
2713
1067
7207
662
4391
3198
2722
4322
6670
2194
6743
4461
2762
3267
4625
6025
3428
3235
4009
5085
7200
7314
2627
962
4742
5627
455
2830
708
2631
3984
1129
6363
3880
2695
3187
1386
1586
5512
6557
2858
3900
5701
1465
3010
5439
7340
2529
6009
335
5272
5267
1884
5576
3614
4032
2383
909
4634
733
4443
7107
2001
4488
6492
7258
4104
4823
6861
3852
1655
4960
504
1548
4984
1574
789
2481
5761
3787
2
6221
3371
539
6498
3003
2773
4498
1577
3994
1765
7220
2935
5112
1451
6063
3325
7018
390
2634
6886
1118
3480
5585
3075
4929
4216
416
7123
2235
5111
5820
1903
2078
3114
5982
3350
4344
4937
4147
4360
2344
6005
1986
3960
3596
5996
893
5693
3327
7306
273
471
5680
5073
5533
3387
6904
6077
1598
2000
6252
3537
82
5979
4144
497
7332
2299
5647
3483
6967
1647
946
4701
1826
3449
2207
4427
2165
2228
7049
4180
1391
6655
6236
2946
270
6174
6046
2114
201
1705
4459
729
6669
6831
350
412
3231
5664
5325
4202
7473
5467
6253
4632
1441
4981
2398
2810
1093
6590
971
5588
6299
5402
998
4137
3331
3627
104
6517
4342
1368
1952
4516
2151
1768
6705
6175
1014
1025
2523
6887
3846
7334
7484
1247
2174
2729
5314
6808
6137
3263
1855
2857
2122
4099
2180
738
2121
6750
3083
1457
139
7021
2594
4922
5363
6474
2893
6730
3377
697
5605
1250
3935
4100
1609
4685
3996
6902
1015
7141
2905
1323
7138
6515
5781
1028
5488
2801
4934
6227
3215
5876
4721
2157
1691
5161
4510
6438
6467
227
2443
6963
3489
2784
3356
6461
2642
1670
3823
4842
3343
281
14
5376
1246
2066
4805
435
2221
5767
6964
2423
3708
2257
7277
7142
2706
3834
5196
5853
7008
5235
4169
5021
4462
5968
5468
4451
1106
2672
2156
3551
2948
4753
3090
4455
4875
3258
6131
5221
3477
6974
765
7387
7283
1282
5486
4375
4394
174
4599
492
7048
622
7004
692
6725
1113
3652
2921
647
7352
2757
6008
5082
4647
4737
5838
3827
4006
7084
5050
4627
2291
6241
3547
4145
2697
5319
590
1103
3413
2879
1751
2556
1858
6119
5549
1295
1325
1148
4097
3992
5226
4581
483
3535
2907
2229
5097
4341
7222
5950
6753
1421
5157
531
5806
5846
753
7325
1668
3135
1077
6207
235
4962
575
2863
5712
1723
2086
262
4676
4700
4276
3388
6218
5247
2491
5980
5442
3289
1719
3460
99
930
3570
2146
1509
5059
5673
4043
948
241
6903
2576
748
1071
7015
5327
2071
6860
1956
673
7447
7376
2754
2413
7408
5150
1369
4435
475
3408
3961
6797
2551
255
5682
5593
1699
4596
5281
7424
6997
6177
2270
4508
4448
4643
1999
1756
2745
6097
5749
4002
605
5897
7143
5337
5001
3426
7270
2154
1833
3149
6153
1208
1338
2718
4626
595
3031
3989
7132
3475
1823
3757
1232
4902
5557
4726
4140
6359
4442
4087
7317
2454
6200
7154
1
4740
2313
5420
3648
6436
6084
6409
652
5284
1775
799
6799
4093
4029
7178
1328
150
999
3822
1188
5954
1261
6482
824
4924
1539
3250
5418
124
797
1358
7236
3971
4845
7006
1766
2223
2894
334
4033
5234
1646
4236
6456
1168
4513
5266
2449
5803
7421
5517
297
4411
3454
3886
5706
5421
792
5460
5149
4669
3895
233
7105
6260
6896
2094
2712
6446
2139
3133
6391
3585
1506
2300
2956
1056
3688
5986
2277
3853
3555
5974
3470
5033
3441
446
86
523
1371
7395
5563
6859
844
3463
2871
7195
6788
2015
6280
1753
387
2058
101
5350
1793
5617
3384
6079
5390
2387
3866
5654
886
630
2395
2819
2752
4346
6347
5584
1311
1718
3150
1624
7321
6647
2841
5694
3268
6637
32
616
4225
7177
3720
4925
2560
6609
2328
5256
756
5305
6173
306
834
3116
1995
2444
6891
2150
4850
2295
5912
732
4826
1957
5622
6671
7441
2965
209
5475
3896
1819
5496
4927
1733
1618
4689
3421
6319
801
342
385
1709
4710
3705
6844
772
7125
7024
5618
686
6665
3858
6477
3111
460
1008
3219
5170
6618
7068
5457
6286
1778
5359
7347
2953
6326
1473
2817
4863
1632
1885
6373
2822
4259
1143
623
654
3493
4813
2414
3217
5816
3363
608
4464
513
2076
6986
2287
4103
2208
5030
5895
2974
1212
6092
7439
6533
7115
6511
6139
5637
5821
3158
5333
4161
6062
301
405
6586
293
445
2808
3621
3754
7206
2651
4862
7196
1192
5953
694
5714
6014
6558
5997
6529
3542
6941
6806
3450
1856
7312
6626
4760
2653
1029
1603
1990
2072
4396
1716
1874
1329
6201
7315
871
3163
1846
4886
4921
7180
3944
3784
1559
2542
6273
3647
5635
4507
434
4025
3554
3749
2814
4141
4741
5775
2105
715
6481
766
4493
2099
3515
384
180
2933
6630
4347
2275
3898
1442
6619
4708
7337
3211
7427
4570
1146
3933
4018
3578
2067
1533
2307
7474
3894
3122
484
4515
5839
103
6773
7148
6147
4428
5002
5604
1063
3099
5005
7420
1096
3953
3338
873
6348
4176
2366
7279
5042
7232
1535
3277
6706
6727
2022
6594
7413
4751
5434
5310
5792
1094
683
7176
6434
4214
4471
2657
4048
520
6172
6807
361
6761
2815
6695
2245
1125
2566
5599
3271
2006
655
7217
2760
1428
7076
3610
2824
2476
4095
5498
1241
4275
2166
4424
5960
6408
269
5844
6710
577
3261
3517
2070
4062
1480
1203
5122
2088
3842
6334
5288
2488
5952
4059
7053
4286
2786
5014
7009
41
3868
6687
6421
3148
1794
3220
4871
3811
192
5257
6892
6444
5945
4786
3415
3139
4108
7372
309
4861
6311
2778
87
5885
7385
178
1184
5352
6522
7175
6962
3416
5796
7269
5451
2138
6562
3986
1871
4393
2977
2771
5452
4436
3244
6625
1722
1420
7459
7391
6072
4290
794
3721
1650
3021
3854
1004
6786
5586
1888
4115
3165
5099
579
1860
5259
6560
5920
7445
7022
2451
7170
1654
3361
4534
6028
3353
4058
6341
2028
5841
3311
5629
6283
6965
5902
725
820
3436
5937
6314
7147
4012
5981
2804
6086
2362
5431
6234
5577
1050
6545
448
4165
4107
5666
5275
2507
4130
4752
4081
4592
859
5661
7271
6913
4787
5189
1678
4983
4556
7059
7458
6915
3687
1537
3941
1404
2210
903
7296
5465
5774
2341
5993
1853
5939
1224
3086
397
155
1309
58
5904
4703
5513
5987
2976
1571
798
4864
6991
2259
5254
2897
911
815
346
3653
4456
244
5447
5231
2051
3695
5306
6328
4919
6096
4028
2996
2739
4600
917
3825
2140
796
2143
3157
691
6998
2004
2367
3320
3560
4953
5186
228
1820
2929
6094
3661
4330
6940
3064
1588
467
6744
6629
6880
6399
556
6514
4892
1920
576
2621
1409
18
1218
5890
1296
1332
3052
4649
5190
2543
3508
3511
2204
6145
2019
5401
6206
1781
2719
4256
6051
7088
1962
2586
2673
1057
74
636
3622
3912
4477
2489
3435
5976
5660
2116
2648
6162
540
282
5574
1357
4452
1360
5208
2280
6301
4007
4272
402
6302
4055
115
846
969
1381
6874
1074
6790
5715
6493
5639
6935
1048
5334
5369
4994
1085
6453
4257
3667
5919
5632
6774
2699
3807
5391
5743
5562
6060
1515
3354
6496
2960
2676
2425
2540
716
6644
680
4340
6394
2005
4878
614
5506
4499
1450
392
3300
1642
1347
1133
7167
7249
7323
1936
937
3334
198
3609
310
7407
7363
5117
2796
1923
6378
3479
2430
1852
3911
6793
4078
2322
1000
5095
3057
3588
4644
3162
1636
3339
2222
464
2155
1580
3899
7399
4869
6572
3062
1552
5795
4245
4053
4584
5539
2412
4254
5263
4662
2055
6602
4094
6196
4793
553
2242
1788
4205
5400
4020
339
3540
2679
426
2104
4412
5808
858
5494
3884
1770
3967
6031
4223
589
1213
3692
1177
3952
6708
7106
218
337
7181
1502
1297
1993
3930
3949
2939
1089
2840
2479
4633
779
5158
2470
635
3185
6290
3914
2975
2010
6262
2388
5828
2595
4637
1030
633
5324
477
347
5020
3341
3867
3549
3156
1834
7338
4872
1783
6165
196
6115
905
5227
1886
5143
2281
1141
3193
1610
3577
4457
1943
3239
916
6073
4812
3036
1299
1388
6640
776
7075
6393
1215
5531
1185
3789
5722
1110
5252
6648
3920
1557
3673
780
7038
73
1575
4281
5309
2030
5332
3055
972
1394
5046
1251
1658
1097
6696
2547
356
1152
749
5545
1495
5203
6360
5294
5831
3581
6354
1873
7241
5175
515
1162
4440
399
3399
4170
3431
1134
4865
2400
3223
4324
5567
1053
5628
1657
2467
1739
6002
6505
3095
1861
4651
3290
2038
514
664
3352
7087
5592
7108
4037
4704
1122
265
3593
2039
3737
3697
2922
3580
848
3539
5232
6664
1940
1727
2988
94
651
2188
3893
5546
6882
5016
547
1737
1383
3862
6217
5495
4521
1005
386
5045
1425
4815
6256
7061
4607
3563
3466
1617
6824
1200
7414
610
1343
3173
500
1236
6815
5884
1270
3412
5435
6566
3287
5543
5228
2199
2710
6729
3805
5607
5794
574
1075
3430
4731
4948
5382
7162
3364
594
3700
3615
5940
1126
601
5606
2895
2097
5579
5474
114
4739
4289
7166
243
3529
6466
5295
878
1292
191
6932
90
3319
1706
479
6923
7264
4833
965
3702
964
4817
1867
5416
3276
3214
1742
541
2845
2131
4052
1863
1521
628
6362
5797
928
6056
3119
5091
838
5023
2726
5923
1164
1562
2421
3249
2587
4072
3607
4410
3726
4168
1422
1738
4578
1226
3089
3275
1740
634
4383
2273
3344
6330
6595
7190
6690
4365
3182
7073
4067
6956
6580
2305
970
7215
4790
5667
5068
242
4231
5944
4372
5720
7313
4541
5873
2596
2061
2797
4366
3796
2833
3671
0
1150
1872
5747
1109
2351
6777
854
2080
4819
6569
4773
4252
6752
3683
5963
161
6600
3706
4198
5847
2624
5096
7354
1155
5320
5093
866
5800
5508
1801
5100
1216
6469
1339
3993
1487
2842
7330
6111
7485
2896
459
4178
2848
6823
2569
4893
6506
1081
984
2405
5523
3419
6685
2581
1905
742
6074
1361
175
6830
6524
1285
1530
6676
4221
1374
6581
4077
1095
2465
4262
2992
1613
4514
942
1131
6053
5552
5395
4084
2292
922
881
567
1640
1978
2789
7114
1748
7091
2565
1929
3081
6160
3145
4615
6576
7111
6894
5304
1546
833
365
814
4430
7404
1925
5114
4200
7280
856
5818
2510
4991
2441
7085
2955
10
453
1414
2602
619
5707
5948
3147
4853
2100
3733
591
2250
410
4540
6811
6358
6425
440
1431
2120
2544
5874
690
6881
2464
5865
1072
6370
6715
4631
1743
5269
850
4446
2415
5242
596
1531
6532
910
6584
6140
7216
6123
4143
5704
4935
3068
6432
4952
5656
3247
527
1182
5443
2492
4502
5815
5619
5218
6535
757
1729
5345
6908
6419
6949
